total: 1554
cell 9878.22 50 5302.22 9780.45 50 5302.22 9741.33 50 5380.45 
cell 8783.11 50 5654.22 8685.33 50 5654.22 8646.22 50 5732.45 
cell 9252.45 50 5517.33 9096 50 5517.33 9056.89 50 5595.56 
cell 9741.33 50 5380.45 9565.33 50 5380.45 9526.22 50 5458.67 
cell 10152 50 5243.56 9917.33 50 5243.56 9878.22 50 5302.22 
cell 9526.22 50 5458.67 9291.56 50 5458.67 9252.45 50 5517.33 
cell 9056.89 50 5595.56 8822.22 50 5595.56 8783.11 50 5654.22 
cell 8646.22 50 5732.45 8411.56 50 5791.11 8372.45 50 5869.33 
cell 8372.45 50 5869.33 8137.78 50 5928 8098.67 50 6006.22 
cell 10562.7 50 5165.33 10191.1 50 5165.33 10152 50 5243.56 
cell 10152 50 5243.56 9878.22 50 5302.22 9741.33 50 5380.45 
cell 9056.89 50 5595.56 8783.11 50 5654.22 8646.22 50 5732.45 
cell 11012.4 50 5106.67 10601.8 50 5106.67 10562.7 50 5165.33 
cell 9526.22 50 5458.67 9252.45 50 5517.33 9056.89 50 5595.56 
cell 10152 50 5243.56 9741.33 50 5380.45 9526.22 50 5458.67 
cell 9056.89 50 5595.56 8646.22 50 5732.45 8372.45 50 5869.33 
cell 11012.4 50 5106.67 10562.7 50 5165.33 10152 50 5243.56 
cell 11012.4 50 5106.67 10152 50 5243.56 9526.22 50 5458.67 
cell 11012.4 50 5106.67 9526.22 50 5458.67 8098.67 50 6006.22 
cell 11012.4 50 5106.67 8098.67 50 6006.22 11012.4 50 6006.22 
cell 9056.89 50 5595.56 8372.45 50 5869.33 8098.67 50 6006.22 
cell 9056.89 50 5595.56 8098.67 50 6006.22 9526.22 50 5458.67 
cell 13280.9 50 5380.45 13222.2 50 5302.22 13144 50 5302.22 
cell 13848 50 5595.56 13789.3 50 5517.33 13691.6 50 5517.33 
cell 14043.6 50 5654.22 14004.4 50 5595.56 13848 50 5595.56 
cell 13691.6 50 5517.33 13652.4 50 5458.67 13496 50 5458.67 
cell 13144 50 5302.22 13104.9 50 5243.56 12948.4 50 5243.56 
cell 13496 50 5458.67 13437.3 50 5380.45 13280.9 50 5380.45 
cell 12948.4 50 5243.56 12889.8 50 5165.33 12733.3 50 5165.33 
cell 13280.9 50 5380.45 13144 50 5302.22 12948.4 50 5243.56 
cell 13848 50 5595.56 13691.6 50 5517.33 13496 50 5458.67 
cell 14454.2 50 6006.22 14121.8 50 5654.22 14043.6 50 5654.22 
cell 13280.9 50 5380.45 12948.4 50 5243.56 12733.3 50 5165.33 
cell 13280.9 50 5380.45 12733.3 50 5165.33 11012.4 50 5106.67 
cell 13280.9 50 5380.45 11012.4 50 5106.67 11012.4 50 6006.22 
cell 13280.9 50 5380.45 11012.4 50 6006.22 14454.2 50 6006.22 
cell 13848 50 5595.56 13496 50 5458.67 13280.9 50 5380.45 
cell 13848 50 5595.56 13280.9 50 5380.45 14454.2 50 6006.22 
cell 14454.2 50 6006.22 14043.6 50 5654.22 13848 50 5595.56 
cell 12733.3 50 5165.33 12694.2 50 5106.67 11012.4 50 5106.67 
cell 4832.89 50 8098.67 4754.67 50 8137.78 4754.67 50 8196.45 
cell 4832.89 50 8098.67 4754.67 50 8196.45 5517.33 50 8196.45 
cell 5419.56 50 7512 5243.56 50 7512 5204.45 50 7570.67 
cell 5576 50 8196.45 5732.45 50 8196.45 5732.45 50 7903.11 
cell 5517.33 50 8196.45 5576 50 8196.45 5732.45 50 7903.11 
cell 5204.45 50 7570.67 4891.56 50 7570.67 4813.33 50 7688 
cell 5419.56 50 7512 5204.45 50 7570.67 4813.33 50 7688 
cell 5419.56 50 7512 4813.33 50 7688 4832.89 50 8098.67 
cell 5419.56 50 7512 4832.89 50 8098.67 5517.33 50 8196.45 
cell 5419.56 50 7512 5517.33 50 8196.45 5732.45 50 7903.11 
cell 5732.45 50 7903.11 5771.56 50 7864 5419.56 50 7512 
cell 5771.56 50 7864 6006.22 50 7864 6006.22 50 6925.33 
cell 5771.56 50 7864 6006.22 50 6925.33 5458.67 50 7433.78 
cell 5771.56 50 7864 5458.67 50 7433.78 5419.56 50 7512 
cell 4754.67 50 8294.22 4696 50 8333.33 4754.67 50 8392 
cell 4754.67 50 8294.22 4754.67 50 8392 5321.78 50 8411.56 
cell 4754.67 50 8294.22 5321.78 50 8411.56 5321.78 50 8313.78 
cell 5400 50 8255.11 5478.22 50 8255.11 5517.33 50 8196.45 
cell 5400 50 8255.11 5517.33 50 8196.45 4754.67 50 8196.45 
cell 4754.67 50 8528.89 5419.56 50 8528.89 5321.78 50 8411.56 
cell 4754.67 50 8528.89 5321.78 50 8411.56 4754.67 50 8392 
cell 5321.78 50 8313.78 5400 50 8255.11 4754.67 50 8196.45 
cell 5321.78 50 8313.78 4754.67 50 8196.45 4754.67 50 8294.22 
cell 5732.45 50 8196.45 5576 50 8196.45 5654.22 50 8255.11 
cell 5654.22 50 8411.56 5576 50 8528.89 5732.45 50 8528.89 
cell 5732.45 50 8196.45 5654.22 50 8255.11 5654.22 50 8411.56 
cell 5732.45 50 8196.45 5654.22 50 8411.56 5732.45 50 8528.89 
cell 4754.67 50 8528.89 4754.67 50 8626.67 4832.89 50 8685.33 
cell 4754.67 50 8528.89 4832.89 50 8685.33 5419.56 50 8528.89 
cell 4969.78 50 9154.67 4969.78 50 9311.11 5028.45 50 9350.22 
cell 5732.45 50 8685.33 5732.45 50 8528.89 5576 50 8528.89 
cell 4891.56 50 8939.56 4891.56 50 9096 4969.78 50 9154.67 
cell 4832.89 50 8685.33 4832.89 50 8900.45 4891.56 50 8939.56 
cell 5732.45 50 8685.33 5576 50 8528.89 5419.56 50 8528.89 
cell 5771.56 50 8724.45 5732.45 50 8685.33 5419.56 50 8528.89 
cell 5028.45 50 9350.22 5028.45 50 9408.89 5439.11 50 9408.89 
cell 4832.89 50 8685.33 4891.56 50 8939.56 4969.78 50 9154.67 
cell 5028.45 50 9350.22 5439.11 50 9408.89 5556.45 50 9408.89 
cell 5673.78 50 11012.4 6006.22 50 11012.4 6006.22 50 10816.9 
cell 5673.78 50 11012.4 6006.22 50 10816.9 5673.78 50 10816.9 
cell 4969.78 50 9154.67 5028.45 50 9350.22 5556.45 50 9408.89 
cell 4969.78 50 9154.67 5556.45 50 9408.89 5771.56 50 8724.45 
cell 4969.78 50 9154.67 5771.56 50 8724.45 5419.56 50 8528.89 
cell 4969.78 50 9154.67 5419.56 50 8528.89 4832.89 50 8685.33 
cell 5400 50 9956.45 5439.11 50 9936.89 5439.11 50 9604.45 
cell 5400 50 9956.45 5439.11 50 9604.45 5400 50 9584.89 
cell 5400 50 9956.45 5400 50 9584.89 5028.45 50 9408.89 
cell 5400 50 9956.45 5028.45 50 9408.89 5028.45 50 10132.4 
cell 5400 50 9584.89 5400 50 9448 5028.45 50 9408.89 
cell 5028.45 50 10132.4 5439.11 50 10132.4 5400 50 10093.3 
cell 5400 50 9448 5439.11 50 9408.89 5028.45 50 9408.89 
cell 5028.45 50 10132.4 5400 50 10093.3 5400 50 9956.45 
cell 5771.56 50 8724.45 5556.45 50 9408.89 6006.22 50 9428.45 
cell 5771.56 50 8724.45 6006.22 50 9428.45 6006.22 50 8724.45 
cell 6006.22 50 9936.89 6006.22 50 9565.33 5576 50 9584.89 
cell 6006.22 50 9936.89 5576 50 9584.89 5576 50 9936.89 
cell 5556.45 50 10132.4 5634.67 50 10132.4 5595.56 50 10073.8 
cell 5654.22 50 10152 5634.67 50 10132.4 5556.45 50 10132.4 
cell 5654.22 50 10152 5556.45 50 10132.4 5439.11 50 10132.4 
cell 5028.45 50 10152 5654.22 50 10152 5439.11 50 10132.4 
cell 5028.45 50 10152 5439.11 50 10132.4 5028.45 50 10132.4 
cell 5028.45 50 10504 4969.78 50 10543.1 4969.78 50 10621.3 
cell 5028.45 50 10504 4969.78 50 10621.3 5556.45 50 10621.3 
cell 4969.78 50 11012.4 5536.89 50 11012.4 5517.33 50 10660.4 
cell 4969.78 50 11012.4 5517.33 50 10660.4 4969.78 50 10621.3 
cell 5517.33 50 10660.4 5556.45 50 10621.3 4969.78 50 10621.3 
cell 5654.22 50 10152 5028.45 50 10152 5028.45 50 10504 
cell 5654.22 50 10152 5028.45 50 10504 5556.45 50 10621.3 
cell 5654.22 50 10152 5556.45 50 10621.3 5654.22 50 10621.3 
cell 5654.22 50 10621.3 5693.33 50 10680 6006.22 50 10680 
cell 5654.22 50 10621.3 6006.22 50 10680 6006.22 50 10152 
cell 5654.22 50 10621.3 6006.22 50 10152 5908.45 50 10152 
cell 5869.33 50 10152 5654.22 50 10152 5654.22 50 10621.3 
cell 5908.45 50 10152 5869.33 50 10152 5654.22 50 10621.3 
cell 6162.67 50 6827.56 6064.89 50 6827.56 6045.33 50 6866.67 
cell 6162.67 50 6827.56 6045.33 50 6866.67 9741.33 50 6866.67 
cell 7883.56 50 6143.11 7785.78 50 6143.11 7746.67 50 6201.78 
cell 7883.56 50 6143.11 7746.67 50 6201.78 9741.33 50 6866.67 
cell 7531.56 50 6280 7433.78 50 6280 7394.67 50 6338.67 
cell 6847.11 50 6553.78 6749.33 50 6553.78 6710.22 50 6612.45 
cell 6514.67 50 6690.67 6416.89 50 6690.67 6377.78 50 6749.33 
cell 6984 50 6475.56 6886.22 50 6475.56 6847.11 50 6553.78 
cell 7394.67 50 6338.67 7238.22 50 6338.67 7199.11 50 6416.89 
cell 6710.22 50 6612.45 6553.78 50 6612.45 6514.67 50 6690.67 
cell 7199.11 50 6416.89 7023.11 50 6416.89 6984 50 6475.56 
cell 7746.67 50 6201.78 7570.67 50 6201.78 7531.56 50 6280 
cell 6377.78 50 6749.33 6201.78 50 6749.33 6162.67 50 6827.56 
cell 6377.78 50 6749.33 6162.67 50 6827.56 9741.33 50 6866.67 
cell 8098.67 50 6006.22 8000.89 50 6006.22 7883.56 50 6143.11 
cell 6710.22 50 6612.45 6514.67 50 6690.67 6377.78 50 6749.33 
cell 7746.67 50 6201.78 7531.56 50 6280 7394.67 50 6338.67 
cell 7199.11 50 6416.89 6984 50 6475.56 6847.11 50 6553.78 
cell 7199.11 50 6416.89 6847.11 50 6553.78 6710.22 50 6612.45 
cell 7746.67 50 6201.78 7394.67 50 6338.67 7199.11 50 6416.89 
cell 6006.22 50 11012.4 6025.78 50 11012.4 6084.45 50 10914.7 
cell 6006.22 50 11012.4 6084.45 50 10914.7 6006.22 50 10816.9 
cell 7199.11 50 6416.89 6710.22 50 6612.45 6377.78 50 6749.33 
cell 7199.11 50 6416.89 6377.78 50 6749.33 9741.33 50 6866.67 
cell 7199.11 50 6416.89 9741.33 50 6866.67 7746.67 50 6201.78 
cell 10699.6 50 6866.67 10856 50 6866.67 11012.4 50 6006.22 
cell 9878.22 50 6866.67 10699.6 50 6866.67 11012.4 50 6006.22 
cell 9741.33 50 6866.67 9878.22 50 6866.67 11012.4 50 6006.22 
cell 9741.33 50 6866.67 11012.4 50 6006.22 8098.67 50 6006.22 
cell 9741.33 50 6866.67 8098.67 50 6006.22 7883.56 50 6143.11 
cell 9702.22 50 7472.89 9760.89 50 7433.78 9760.89 50 7081.78 
cell 11012.4 50 6006.22 10856 50 6866.67 10895.1 50 6905.78 
cell 7531.56 50 7864 9702.22 50 7609.78 9702.22 50 7472.89 
cell 9702.22 50 6905.78 9741.33 50 6866.67 6045.33 50 6866.67 
cell 9702.22 50 7042.67 9702.22 50 6905.78 6045.33 50 6866.67 
cell 6006.22 50 10680 6084.45 50 10621.3 6006.22 50 10621.3 
cell 6827.56 50 11012.4 6847.11 50 10621.3 6260.45 50 10758.2 
cell 6827.56 50 11012.4 6260.45 50 10758.2 6260.45 50 11012.4 
cell 6045.33 50 6866.67 7042.67 50 7864 7218.67 50 7864 
cell 6847.11 50 10621.3 6201.78 50 10621.3 6260.45 50 10758.2 
cell 10719.1 50 7433.78 10719.1 50 7081.78 10660.4 50 7023.11 
cell 10719.1 50 7433.78 10660.4 50 7023.11 9917.33 50 7023.11 
cell 10719.1 50 7433.78 9917.33 50 7023.11 10073.8 50 7433.78 
cell 9917.33 50 7023.11 9897.78 50 7433.78 10015.1 50 7433.78 
cell 9917.33 50 7023.11 10015.1 50 7433.78 10073.8 50 7433.78 
cell 9976 50 7648.89 9956.45 50 7590.22 9917.33 50 7590.22 
cell 9976 50 7648.89 9917.33 50 7590.22 9878.22 50 7648.89 
cell 10582.2 50 7668.44 10699.6 50 7668.44 10660.4 50 7590.22 
cell 10582.2 50 7668.44 10660.4 50 7590.22 10621.3 50 7590.22 
cell 10249.8 50 7668.44 10328 50 7668.44 10269.3 50 7629.33 
cell 9995.56 50 7668.44 9976 50 7648.89 9878.22 50 7648.89 
cell 9995.56 50 7668.44 9878.22 50 7648.89 9741.33 50 7648.89 
cell 8548.45 50 10934.2 8626.67 50 10934.2 8880.89 50 10582.2 
cell 8548.45 50 10934.2 8880.89 50 10582.2 8274.67 50 10582.2 
cell 8274.67 50 10582.2 8489.78 50 10934.2 8548.45 50 10934.2 
cell 8626.67 50 10934.2 8685.33 50 10934.2 8880.89 50 10582.2 
cell 8274.67 50 10582.2 8411.56 50 10934.2 8489.78 50 10934.2 
cell 6045.33 50 6866.67 6729.78 50 7864 7042.67 50 7864 
cell 6045.33 50 6866.67 6573.33 50 7864 6729.78 50 7864 
cell 8685.33 50 10934.2 8744 50 10934.2 8880.89 50 10582.2 
cell 7531.56 50 7864 9741.33 50 7648.89 9702.22 50 7609.78 
cell 8274.67 50 10582.2 8352.89 50 10934.2 8411.56 50 10934.2 
cell 6045.33 50 6866.67 6006.22 50 6925.33 6260.45 50 7864 
cell 6045.33 50 6866.67 6260.45 50 7864 6573.33 50 7864 
cell 6006.22 50 6925.33 6084.45 50 7864 6260.45 50 7864 
cell 8744 50 10934.2 8802.67 50 10934.2 8880.89 50 10582.2 
cell 8274.67 50 10582.2 8274.67 50 10934.2 8352.89 50 10934.2 
cell 8802.67 50 10934.2 8900.45 50 10934.2 8880.89 50 10582.2 
cell 7805.33 50 10895.1 7531.56 50 10484.4 7472.89 50 10484.4 
cell 6260.45 50 7864 6084.45 50 7864 6123.56 50 7981.33 
cell 6260.45 50 7864 6123.56 50 7981.33 6221.33 50 7981.33 
cell 6690.67 50 7903.11 6729.78 50 7864 6573.33 50 7864 
cell 6690.67 50 7903.11 6573.33 50 7864 6612.45 50 7903.11 
cell 6690.67 50 8059.56 6690.67 50 7903.11 6612.45 50 7903.11 
cell 6573.33 50 8724.45 6749.33 50 8724.45 6710.22 50 8685.33 
cell 6573.33 50 8724.45 6710.22 50 8685.33 6612.45 50 8685.33 
cell 6690.67 50 8059.56 6612.45 50 7903.11 6612.45 50 8685.33 
cell 6690.67 50 8059.56 6612.45 50 8685.33 6710.22 50 8685.33 
cell 7218.67 50 7864 7042.67 50 7864 7081.78 50 7981.33 
cell 7218.67 50 7864 7081.78 50 7981.33 7179.56 50 7981.33 
cell 6006.22 50 6925.33 6006.22 50 7864 6084.45 50 7864 
cell 9702.22 50 7472.89 9760.89 50 7081.78 9702.22 50 7042.67 
cell 9702.22 50 7472.89 9702.22 50 7042.67 6045.33 50 6866.67 
cell 9702.22 50 7472.89 6045.33 50 6866.67 7218.67 50 7864 
cell 9702.22 50 7472.89 7218.67 50 7864 7531.56 50 7864 
cell 7375.11 50 10484.4 7316.44 50 10484.4 7062.22 50 10895.1 
cell 7805.33 50 10895.1 7648.89 50 10484.4 7531.56 50 10484.4 
cell 7570.67 50 7903.11 7570.67 50 8020.44 9917.33 50 8020.44 
cell 9917.33 50 8724.45 9917.33 50 8216 9878.22 50 8196.45 
cell 9917.33 50 8724.45 9878.22 50 8196.45 7570.67 50 8020.44 
cell 9917.33 50 8724.45 7570.67 50 8020.44 7570.67 50 8685.33 
cell 9878.22 50 8059.56 9917.33 50 8020.44 7570.67 50 8020.44 
cell 9878.22 50 8196.45 9878.22 50 8059.56 7570.67 50 8020.44 
cell 7570.67 50 8685.33 7531.56 50 8724.45 9917.33 50 8724.45 
cell 10464.9 50 8020.44 10034.7 50 8020.44 10054.2 50 8059.56 
cell 10464.9 50 8020.44 10054.2 50 8059.56 10445.3 50 8059.56 
cell 10464.9 50 8020.44 10328 50 7668.44 10249.8 50 7668.44 
cell 10464.9 50 8020.44 10249.8 50 7668.44 10034.7 50 8020.44 
cell 10699.6 50 7668.44 10562.7 50 8020.44 10601.8 50 8059.56 
cell 10699.6 50 7668.44 10601.8 50 8059.56 10856 50 7668.44 
cell 10464.9 50 8020.44 10562.7 50 8020.44 10582.2 50 7668.44 
cell 10464.9 50 8020.44 10582.2 50 7668.44 10328 50 7668.44 
cell 10562.7 50 8020.44 10699.6 50 7668.44 10582.2 50 7668.44 
cell 10640.9 50 8450.67 10582.2 50 8489.78 10621.3 50 8880.89 
cell 10034.7 50 8020.44 10249.8 50 7668.44 9995.56 50 7668.44 
cell 10406.2 50 8392 10445.3 50 8372.45 10445.3 50 8255.11 
cell 10406.2 50 8392 10445.3 50 8255.11 10406.2 50 8196.45 
cell 10406.2 50 8392 10406.2 50 8196.45 10054.2 50 8196.45 
cell 10406.2 50 8450.67 10406.2 50 8392 10054.2 50 8196.45 
cell 10445.3 50 8724.45 10445.3 50 8470.22 10406.2 50 8450.67 
cell 10054.2 50 8724.45 10445.3 50 8724.45 10406.2 50 8450.67 
cell 10054.2 50 8724.45 10406.2 50 8450.67 10054.2 50 8196.45 
cell 6749.33 50 8724.45 6573.33 50 8724.45 6338.67 50 9408.89 
cell 9917.33 50 8920 9878.22 50 8880.89 7531.56 50 8724.45 
cell 10895.1 50 7629.33 10640.9 50 8176.89 10640.9 50 8450.67 
cell 9878.22 50 8763.56 9917.33 50 8724.45 7531.56 50 8724.45 
cell 9878.22 50 8880.89 9878.22 50 8763.56 7531.56 50 8724.45 
cell 10034.7 50 8920 10464.9 50 8920 10425.8 50 8861.33 
cell 10034.7 50 8920 10425.8 50 8861.33 10073.8 50 8861.33 
cell 6006.22 50 8724.45 6201.78 50 9408.89 6338.67 50 9408.89 
cell 6006.22 50 8724.45 6338.67 50 9408.89 6573.33 50 8724.45 
cell 9995.56 50 7668.44 9741.33 50 7648.89 7531.56 50 7864 
cell 9995.56 50 7668.44 7531.56 50 7864 7570.67 50 7903.11 
cell 9995.56 50 7668.44 7570.67 50 7903.11 9917.33 50 8020.44 
cell 9995.56 50 7668.44 9917.33 50 8020.44 10034.7 50 8020.44 
cell 10601.8 50 8059.56 10601.8 50 8157.33 10640.9 50 8176.89 
cell 10601.8 50 8059.56 10640.9 50 8176.89 10895.1 50 7629.33 
cell 10601.8 50 8059.56 10895.1 50 7629.33 10856 50 7668.44 
cell 6006.22 50 8724.45 6006.22 50 9408.89 6201.78 50 9408.89 
cell 7805.33 50 10895.1 7707.56 50 10484.4 7648.89 50 10484.4 
cell 7199.11 50 10484.4 7003.56 50 10836.4 7062.22 50 10895.1 
cell 7199.11 50 10484.4 7062.22 50 10895.1 7316.44 50 10484.4 
cell 7472.89 50 10484.4 7375.11 50 10484.4 7062.22 50 10895.1 
cell 7472.89 50 10484.4 7062.22 50 10895.1 7805.33 50 10895.1 
cell 6006.22 50 9428.45 6201.78 50 9408.89 6006.22 50 9408.89 
cell 7805.33 50 10895.1 7824.89 50 10484.4 7707.56 50 10484.4 
cell 7199.11 50 10484.4 7140.44 50 10484.4 7003.56 50 10836.4 
cell 6749.33 50 8724.45 6475.56 50 9565.33 6475.56 50 9760.89 
cell 6749.33 50 8724.45 6475.56 50 9760.89 7531.56 50 8724.45 
cell 7140.44 50 10484.4 7023.11 50 10484.4 7003.56 50 10836.4 
cell 6221.33 50 9624 6162.67 50 9565.33 6006.22 50 9565.33 
cell 6221.33 50 9624 6006.22 50 9565.33 6006.22 50 9936.89 
cell 6221.33 50 9624 6006.22 50 9936.89 6221.33 50 9936.89 
cell 6143.11 50 10132.4 6201.78 50 10132.4 6162.67 50 10093.3 
cell 10562.7 50 10191.1 10582.2 50 8920 10464.9 50 8920 
cell 6475.56 50 9760.89 6377.78 50 9800 6377.78 50 10093.3 
cell 6338.67 50 9408.89 6377.78 50 9526.22 6475.56 50 9565.33 
cell 6338.67 50 9408.89 6475.56 50 9565.33 6749.33 50 8724.45 
cell 10132.4 50 10191.1 10562.7 50 10191.1 10464.9 50 8920 
cell 10132.4 50 10191.1 10464.9 50 8920 10034.7 50 8920 
cell 9995.56 50 10406.2 9037.33 50 10406.2 9076.45 50 10445.3 
cell 9174.22 50 10758.2 9956.45 50 10934.2 9956.45 50 10660.4 
cell 9174.22 50 10758.2 9956.45 50 10660.4 9174.22 50 10582.2 
cell 9076.45 50 10445.3 9076.45 50 10543.1 9174.22 50 10582.2 
cell 9076.45 50 10445.3 9174.22 50 10582.2 9956.45 50 10660.4 
cell 9076.45 50 10445.3 9956.45 50 10660.4 10015.1 50 10621.3 
cell 9076.45 50 10445.3 10015.1 50 10621.3 9995.56 50 10406.2 
cell 10680 50 10191.1 10621.3 50 8880.89 10582.2 50 8920 
cell 10680 50 10191.1 10582.2 50 8920 10562.7 50 10191.1 
cell 10015.1 50 10191.1 10132.4 50 10191.1 10034.7 50 8920 
cell 10015.1 50 10191.1 10034.7 50 8920 9917.33 50 8920 
cell 6377.78 50 10093.3 6338.67 50 10132.4 10015.1 50 10191.1 
cell 7531.56 50 8724.45 6475.56 50 9760.89 6377.78 50 10093.3 
cell 7531.56 50 8724.45 6377.78 50 10093.3 10015.1 50 10191.1 
cell 7531.56 50 8724.45 10015.1 50 10191.1 9917.33 50 8920 
cell 6338.67 50 10132.4 7394.67 50 10249.8 7472.89 50 10249.8 
cell 6338.67 50 10132.4 7140.44 50 10249.8 7394.67 50 10249.8 
cell 9995.56 50 11012.4 9995.56 50 10953.8 9956.45 50 10934.2 
cell 9995.56 50 11012.4 9956.45 50 10934.2 9174.22 50 10758.2 
cell 9995.56 50 11012.4 9174.22 50 10758.2 9076.45 50 10797.3 
cell 9995.56 50 11012.4 9076.45 50 10797.3 9076.45 50 11012.4 
cell 10562.7 50 10191.1 10132.4 50 10191.1 10152 50 10230.2 
cell 10562.7 50 10191.1 10152 50 10230.2 10543.1 50 10230.2 
cell 6338.67 50 10132.4 7023.11 50 10249.8 7140.44 50 10249.8 
cell 10719.1 50 10914.7 10719.1 50 11012.4 11012.4 50 11012.4 
cell 6338.67 50 10132.4 6866.67 50 10249.8 7023.11 50 10249.8 
cell 7727.11 50 10249.8 9976 50 10249.8 10015.1 50 10191.1 
cell 7727.11 50 10249.8 10015.1 50 10191.1 6338.67 50 10132.4 
cell 10719.1 50 10347.6 10680 50 10367.1 10680 50 10895.1 
cell 10621.3 50 8880.89 10680 50 10191.1 10719.1 50 10230.2 
cell 10895.1 50 7629.33 10640.9 50 8450.67 10621.3 50 8880.89 
cell 10895.1 50 7629.33 10621.3 50 8880.89 10719.1 50 10230.2 
cell 10895.1 50 7629.33 10719.1 50 10230.2 11012.4 50 11012.4 
cell 6201.78 50 10621.3 6847.11 50 10621.3 6827.56 50 10288.9 
cell 7140.44 50 10249.8 7023.11 50 10249.8 7062.22 50 10328 
cell 7140.44 50 10249.8 7062.22 50 10328 7101.33 50 10328 
cell 7472.89 50 10249.8 7394.67 50 10249.8 7414.22 50 10288.9 
cell 7727.11 50 10249.8 7746.67 50 10269.3 7844.44 50 10269.3 
cell 7727.11 50 10249.8 7844.44 50 10269.3 7981.33 50 10269.3 
cell 7981.33 50 10269.3 9976 50 10269.3 9976 50 10249.8 
cell 7981.33 50 10269.3 9976 50 10249.8 7727.11 50 10249.8 
cell 7844.44 50 10269.3 7746.67 50 10269.3 7766.22 50 10328 
cell 8020.44 50 10308.4 8020.44 50 10406.2 8118.22 50 10406.2 
cell 8020.44 50 10308.4 8118.22 50 10406.2 8255.11 50 10406.2 
cell 7981.33 50 10269.3 8020.44 50 10308.4 8255.11 50 10406.2 
cell 7981.33 50 10269.3 8255.11 50 10406.2 8900.45 50 10406.2 
cell 9037.33 50 10406.2 9976 50 10269.3 7981.33 50 10269.3 
cell 9037.33 50 10406.2 7981.33 50 10269.3 8900.45 50 10406.2 
cell 9037.33 50 10406.2 9995.56 50 10406.2 9976 50 10269.3 
cell 10191.1 50 10660.4 10152 50 10836.4 10191.1 50 10895.1 
cell 10191.1 50 10660.4 10191.1 50 10895.1 10543.1 50 10895.1 
cell 10152 50 10367.1 10152 50 10640.9 10191.1 50 10660.4 
cell 10191.1 50 10660.4 10543.1 50 10895.1 10543.1 50 10367.1 
cell 10191.1 50 10660.4 10543.1 50 10367.1 10152 50 10367.1 
cell 8079.11 50 10445.3 8118.22 50 10406.2 8020.44 50 10406.2 
cell 8079.11 50 10445.3 8020.44 50 10406.2 7961.78 50 10484.4 
cell 8079.11 50 10445.3 7961.78 50 10484.4 7961.78 50 10836.4 
cell 8079.11 50 10445.3 7961.78 50 10836.4 8079.11 50 10582.2 
cell 8020.44 50 11012.4 8079.11 50 11012.4 8137.78 50 10934.2 
cell 8020.44 50 11012.4 8137.78 50 10934.2 8020.44 50 10875.6 
cell 7961.78 50 10836.4 8020.44 50 10875.6 8137.78 50 10934.2 
cell 7961.78 50 10836.4 8137.78 50 10934.2 8137.78 50 10621.3 
cell 7961.78 50 10836.4 8137.78 50 10621.3 8079.11 50 10582.2 
cell 8255.11 50 10406.2 8274.67 50 10445.3 8685.33 50 10445.3 
cell 8255.11 50 10406.2 8685.33 50 10445.3 8900.45 50 10406.2 
cell 10719.1 50 10230.2 10719.1 50 10347.6 11012.4 50 11012.4 
cell 6338.67 50 10132.4 7472.89 50 10249.8 7727.11 50 10249.8 
cell 11012.4 50 6006.22 10895.1 50 6905.78 10895.1 50 7629.33 
cell 11012.4 50 6006.22 10895.1 50 7629.33 11012.4 50 11012.4 
cell 10680 50 10895.1 10719.1 50 10914.7 11012.4 50 11012.4 
cell 10680 50 10895.1 11012.4 50 11012.4 10719.1 50 10347.6 
cell 6201.78 50 10132.4 6143.11 50 10132.4 6006.22 50 10152 
cell 6338.67 50 10132.4 6201.78 50 10132.4 6006.22 50 10152 
cell 6006.22 50 10152 6006.22 50 10621.3 6084.45 50 10621.3 
cell 6338.67 50 10132.4 6006.22 50 10152 6084.45 50 10621.3 
cell 6338.67 50 10132.4 6084.45 50 10621.3 6201.78 50 10621.3 
cell 6338.67 50 10132.4 6201.78 50 10621.3 6827.56 50 10288.9 
cell 6338.67 50 10132.4 6827.56 50 10288.9 6866.67 50 10249.8 
cell 14845.3 50 6456 14845.3 50 6280 14806.2 50 6280 
cell 14767.1 50 6495.11 14845.3 50 6456 14806.2 50 6280 
cell 14767.1 50 6495.11 14806.2 50 6280 14552 50 6006.22 
cell 14767.1 50 6495.11 14552 50 6006.22 14454.2 50 6006.22 
cell 12948.4 50 6788.45 13378.7 50 6788.45 14454.2 50 6006.22 
cell 12831.1 50 6788.45 12948.4 50 6788.45 14454.2 50 6006.22 
cell 14767.1 50 6788.45 14767.1 50 6495.11 14454.2 50 6006.22 
cell 14767.1 50 6788.45 14454.2 50 6006.22 13476.4 50 6788.45 
cell 12831.1 50 9272 12870.2 50 9232.89 12889.8 50 8900.45 
cell 12831.1 50 9272 12889.8 50 8900.45 12674.7 50 8880.89 
cell 13378.7 50 6788.45 13476.4 50 6788.45 14454.2 50 6006.22 
cell 12694.2 50 6827.56 12792 50 6827.56 12831.1 50 6788.45 
cell 12557.3 50 6827.56 12694.2 50 6827.56 12831.1 50 6788.45 
cell 14728 50 11012.4 12987.6 50 9995.56 12870.2 50 9995.56 
cell 14728 50 11012.4 12870.2 50 9995.56 11012.4 50 11012.4 
cell 14767.1 50 10895.1 14845.3 50 10073.8 14767.1 50 9995.56 
cell 14767.1 50 10895.1 14767.1 50 9995.56 12987.6 50 9995.56 
cell 14767.1 50 10895.1 12987.6 50 9995.56 14728 50 11012.4 
cell 14767.1 50 10895.1 14845.3 50 10856 14845.3 50 10073.8 
cell 13378.7 50 6788.45 12948.4 50 6788.45 12968 50 6827.56 
cell 13378.7 50 6788.45 12968 50 6827.56 13359.1 50 6827.56 
cell 14336.9 50 6827.56 14767.1 50 6827.56 14767.1 50 6788.45 
cell 14200 50 6827.56 14336.9 50 6827.56 14767.1 50 6788.45 
cell 14200 50 6827.56 14767.1 50 6788.45 13476.4 50 6788.45 
cell 14200 50 6827.56 13476.4 50 6788.45 13515.6 50 6827.56 
cell 11775.1 50 6827.56 11892.4 50 6827.56 12831.1 50 6788.45 
cell 12831.1 50 6788.45 14454.2 50 6006.22 11012.4 50 6006.22 
cell 12831.1 50 6788.45 11012.4 50 6006.22 11775.1 50 6827.56 
cell 11618.7 50 7042.67 11736 50 7003.56 11736 50 6866.67 
cell 11892.4 50 6827.56 12557.3 50 6827.56 12831.1 50 6788.45 
cell 14728 50 11012.4 14767.1 50 10992.9 14767.1 50 10895.1 
cell 12792 50 6827.56 12694.2 50 6827.56 12733.3 50 6866.67 
cell 12733.3 50 7531.56 12694.2 50 7570.67 12792 50 7570.67 
cell 12733.3 50 7531.56 12792 50 7570.67 12792 50 7512 
cell 12694.2 50 7003.56 12694.2 50 7375.11 12733.3 50 7394.67 
cell 12792 50 6944.89 12792 50 6827.56 12733.3 50 6866.67 
cell 12792 50 6944.89 12733.3 50 6866.67 12733.3 50 6984 
cell 12831.1 50 6964.45 12733.3 50 6984 12694.2 50 7003.56 
cell 12831.1 50 6964.45 12694.2 50 7003.56 12733.3 50 7394.67 
cell 12831.1 50 6964.45 12733.3 50 7394.67 12831.1 50 7492.44 
cell 12831.1 50 6964.45 12792 50 6944.89 12733.3 50 6984 
cell 12733.3 50 7531.56 12792 50 7512 12831.1 50 7492.44 
cell 12733.3 50 7531.56 12831.1 50 7492.44 12733.3 50 7394.67 
cell 13515.6 50 6827.56 13515.6 50 6905.78 13554.7 50 6925.33 
cell 13515.6 50 6827.56 13554.7 50 6925.33 14043.6 50 7062.22 
cell 13515.6 50 6827.56 14043.6 50 7062.22 14102.2 50 7003.56 
cell 13515.6 50 6827.56 14102.2 50 7003.56 14160.9 50 6866.67 
cell 14102.2 50 7003.56 14160.9 50 7003.56 14160.9 50 6866.67 
cell 14160.9 50 7531.56 14160.9 50 7375.11 14102.2 50 7375.11 
cell 14160.9 50 6866.67 14200 50 6827.56 13515.6 50 6827.56 
cell 14160.9 50 7531.56 14102.2 50 7375.11 14043.6 50 7316.44 
cell 14160.9 50 7531.56 14043.6 50 7316.44 13554.7 50 7199.11 
cell 14160.9 50 7531.56 13554.7 50 7199.11 13496 50 7238.22 
cell 14160.9 50 7531.56 13496 50 7238.22 13515.6 50 7570.67 
cell 13554.7 50 7199.11 14043.6 50 7316.44 14043.6 50 7062.22 
cell 13554.7 50 7199.11 14043.6 50 7062.22 13554.7 50 6925.33 
cell 13515.6 50 7570.67 14200 50 7570.67 14160.9 50 7531.56 
cell 13320 50 7140.44 13359.1 50 7120.89 13359.1 50 7023.11 
cell 13320 50 7140.44 13359.1 50 7023.11 13320 50 6964.45 
cell 13320 50 7140.44 13320 50 6964.45 12968 50 6964.45 
cell 13320 50 7199.11 13320 50 7140.44 12968 50 6964.45 
cell 13359.1 50 7492.44 13359.1 50 7218.67 13320 50 7199.11 
cell 12968 50 7492.44 13359.1 50 7492.44 13320 50 7199.11 
cell 12968 50 7492.44 13320 50 7199.11 12968 50 6964.45 
cell 11931.6 50 6984 11931.6 50 7375.11 11990.2 50 7375.11 
cell 12459.6 50 7375.11 12557.3 50 7375.11 12537.8 50 6984 
cell 11931.6 50 6984 11990.2 50 7375.11 12048.9 50 7375.11 
cell 12361.8 50 7375.11 12459.6 50 7375.11 12537.8 50 6984 
cell 11931.6 50 6984 12048.9 50 7375.11 12146.7 50 7375.11 
cell 12303.1 50 7375.11 12361.8 50 7375.11 12537.8 50 6984 
cell 11931.6 50 6984 12146.7 50 7375.11 12205.3 50 7375.11 
cell 12205.3 50 7375.11 12303.1 50 7375.11 12537.8 50 6984 
cell 12205.3 50 7375.11 12537.8 50 6984 11931.6 50 6984 
cell 14336.9 50 7023.11 14356.4 50 7375.11 14415.1 50 7375.11 
cell 14336.9 50 7023.11 14415.1 50 7375.11 14473.8 50 7375.11 
cell 14376 50 6984 14336.9 50 7023.11 14473.8 50 7375.11 
cell 14376 50 6984 14473.8 50 7375.11 14571.6 50 7375.11 
cell 14630.2 50 7375.11 14747.6 50 7375.11 14767.1 50 6984 
cell 14571.6 50 7375.11 14630.2 50 7375.11 14767.1 50 6984 
cell 14571.6 50 7375.11 14767.1 50 6984 14376 50 6984 
cell 11912 50 7570.67 11990.2 50 7570.67 11931.6 50 7531.56 
cell 12205.3 50 7570.67 12303.1 50 7570.67 12283.6 50 7531.56 
cell 12205.3 50 7570.67 12283.6 50 7531.56 12224.9 50 7531.56 
cell 14336.9 50 7570.67 14415.1 50 7570.67 14356.4 50 7531.56 
cell 14649.8 50 7570.67 14728 50 7570.67 14669.3 50 7531.56 
cell 12831.1 50 7688 12792 50 7570.67 12694.2 50 7570.67 
cell 12831.1 50 7688 12694.2 50 7570.67 12303.1 50 7570.67 
cell 12831.1 50 7688 12303.1 50 7570.67 12205.3 50 7570.67 
cell 14767.1 50 9995.56 14767.1 50 9976 13789.3 50 9976 
cell 14767.1 50 9995.56 13789.3 50 9976 12987.6 50 9995.56 
cell 12831.1 50 7688 12205.3 50 7570.67 11990.2 50 7570.67 
cell 11736 50 6866.67 11775.1 50 6827.56 11012.4 50 6006.22 
cell 13789.3 50 9976 13652.4 50 9976 12987.6 50 9995.56 
cell 14767.1 50 7688 14767.1 50 7570.67 14728 50 7570.67 
cell 14767.1 50 7688 14728 50 7570.67 14649.8 50 7570.67 
cell 14767.1 50 7688 14649.8 50 7570.67 14415.1 50 7570.67 
cell 14767.1 50 7688 14415.1 50 7570.67 14336.9 50 7570.67 
cell 14767.1 50 7688 14336.9 50 7570.67 14200 50 7570.67 
cell 13476.4 50 7688 14767.1 50 7688 14200 50 7570.67 
cell 13476.4 50 7688 14200 50 7570.67 13515.6 50 7570.67 
cell 12948.4 50 7688 13378.7 50 7688 13339.6 50 7629.33 
cell 12948.4 50 7688 13339.6 50 7629.33 12987.6 50 7629.33 
cell 14610.7 50 7922.67 14767.1 50 7922.67 14767.1 50 7688 
cell 14493.3 50 7922.67 14610.7 50 7922.67 14767.1 50 7688 
cell 14493.3 50 7922.67 14767.1 50 7688 13476.4 50 7688 
cell 13652.4 50 9976 13007.1 50 9976 12987.6 50 9995.56 
cell 14493.3 50 7922.67 13476.4 50 7688 13378.7 50 7688 
cell 14493.3 50 7922.67 13378.7 50 7688 12948.4 50 7688 
cell 14493.3 50 7922.67 12948.4 50 7688 12831.1 50 7688 
cell 12831.1 50 7688 11990.2 50 7570.67 11912 50 7570.67 
cell 13339.6 50 9448 13241.8 50 9448 13007.1 50 9819.56 
cell 13339.6 50 9448 13007.1 50 9819.56 13632.9 50 9819.56 
cell 13632.9 50 9819.56 13398.2 50 9448 13339.6 50 9448 
cell 13632.9 50 9819.56 13496 50 9448 13398.2 50 9448 
cell 13241.8 50 9448 13183.1 50 9448 13007.1 50 9819.56 
cell 14767.1 50 7922.67 14610.7 50 7922.67 14649.8 50 7981.33 
cell 14767.1 50 7922.67 14649.8 50 7981.33 14767.1 50 7981.33 
cell 11618.7 50 7336 11618.7 50 7042.67 11012.4 50 6006.22 
cell 11775.1 50 8431.11 11814.2 50 8411.56 11814.2 50 8000.89 
cell 11814.2 50 8000.89 11853.3 50 7961.78 11736 50 7531.56 
cell 11814.2 50 8000.89 11736 50 7531.56 11618.7 50 7336 
cell 11775.1 50 7570.67 11736 50 7531.56 11853.3 50 7961.78 
cell 11775.1 50 7570.67 11853.3 50 7961.78 11951.1 50 7961.78 
cell 12831.1 50 7688 12400.9 50 7961.78 12498.7 50 7961.78 
cell 14454.2 50 7961.78 14493.3 50 7922.67 12831.1 50 7688 
cell 14454.2 50 7961.78 12831.1 50 7688 12498.7 50 7961.78 
cell 12400.9 50 7961.78 11951.1 50 7961.78 11990.2 50 8020.44 
cell 12400.9 50 7961.78 11990.2 50 8020.44 12361.8 50 8020.44 
cell 13574.2 50 8137.78 14473.8 50 8137.78 14454.2 50 7961.78 
cell 12537.8 50 8000.89 12537.8 50 8137.78 13437.3 50 8137.78 
cell 12498.7 50 7961.78 12537.8 50 8000.89 13437.3 50 8137.78 
cell 12498.7 50 7961.78 13437.3 50 8137.78 13574.2 50 8137.78 
cell 12498.7 50 7961.78 13574.2 50 8137.78 14454.2 50 7961.78 
cell 14630.2 50 8587.56 14669.3 50 8646.22 14767.1 50 8646.22 
cell 14630.2 50 8587.56 14767.1 50 8646.22 14669.3 50 8392 
cell 14669.3 50 8392 14767.1 50 8646.22 14767.1 50 8118.22 
cell 14669.3 50 8392 14767.1 50 8118.22 14630.2 50 8118.22 
cell 14630.2 50 8118.22 14630.2 50 8372.45 14669.3 50 8392 
cell 12537.8 50 8137.78 12518.2 50 8157.33 12655.1 50 8157.33 
cell 12537.8 50 8137.78 12655.1 50 8157.33 12792 50 8157.33 
cell 12792 50 8157.33 13417.8 50 8157.33 13437.3 50 8137.78 
cell 12792 50 8157.33 13437.3 50 8137.78 12537.8 50 8137.78 
cell 14473.8 50 8783.11 14473.8 50 8685.33 14434.7 50 8665.78 
cell 14473.8 50 8783.11 14434.7 50 8665.78 13711.1 50 8489.78 
cell 13613.3 50 8176.89 13613.3 50 8274.67 13711.1 50 8313.78 
cell 13613.3 50 8176.89 13711.1 50 8313.78 14473.8 50 8137.78 
cell 13711.1 50 8489.78 13613.3 50 8528.89 13613.3 50 8822.22 
cell 13711.1 50 8489.78 13613.3 50 8822.22 14512.9 50 8822.22 
cell 13711.1 50 8489.78 14512.9 50 8822.22 14473.8 50 8783.11 
cell 14473.8 50 8137.78 13574.2 50 8137.78 13613.3 50 8176.89 
cell 13711.1 50 8313.78 13711.1 50 8489.78 14434.7 50 8665.78 
cell 13711.1 50 8313.78 14434.7 50 8665.78 14473.8 50 8137.78 
cell 12009.8 50 8431.11 11970.7 50 8626.67 12009.8 50 8685.33 
cell 12009.8 50 8431.11 12009.8 50 8685.33 12361.8 50 8685.33 
cell 11970.7 50 8157.33 11970.7 50 8411.56 12009.8 50 8431.11 
cell 12009.8 50 8431.11 12361.8 50 8685.33 12361.8 50 8157.33 
cell 12009.8 50 8431.11 12361.8 50 8157.33 11970.7 50 8157.33 
cell 12616 50 8196.45 12655.1 50 8157.33 12518.2 50 8157.33 
cell 12537.8 50 8822.22 12498.7 50 8861.33 12655.1 50 8861.33 
cell 12537.8 50 8822.22 12655.1 50 8861.33 12635.6 50 8704.89 
cell 12537.8 50 8822.22 12635.6 50 8704.89 12537.8 50 8704.89 
cell 12674.7 50 8685.33 12674.7 50 8352.89 12616 50 8313.78 
cell 12498.7 50 8685.33 12537.8 50 8704.89 12635.6 50 8704.89 
cell 12498.7 50 8685.33 12635.6 50 8704.89 12674.7 50 8685.33 
cell 12498.7 50 8685.33 12674.7 50 8685.33 12616 50 8313.78 
cell 12498.7 50 8685.33 12616 50 8313.78 12518.2 50 8157.33 
cell 12616 50 8313.78 12616 50 8196.45 12518.2 50 8157.33 
cell 13359.1 50 8665.78 13437.3 50 8665.78 13456.9 50 8470.22 
cell 13280.9 50 8665.78 13359.1 50 8665.78 13456.9 50 8470.22 
cell 13222.2 50 8665.78 13280.9 50 8665.78 13456.9 50 8470.22 
cell 13163.6 50 8665.78 13222.2 50 8665.78 13456.9 50 8470.22 
cell 12811.6 50 8313.78 12811.6 50 8665.78 12889.8 50 8665.78 
cell 12811.6 50 8313.78 12889.8 50 8665.78 12948.4 50 8665.78 
cell 12811.6 50 8313.78 12948.4 50 8665.78 13026.7 50 8665.78 
cell 13085.3 50 8665.78 13163.6 50 8665.78 13456.9 50 8470.22 
cell 12811.6 50 8313.78 13026.7 50 8665.78 13085.3 50 8665.78 
cell 12811.6 50 8313.78 13085.3 50 8665.78 13456.9 50 8470.22 
cell 12811.6 50 8313.78 13456.9 50 8470.22 13417.8 50 8313.78 
cell 14767.1 50 8822.22 14767.1 50 8783.11 14630.2 50 8783.11 
cell 14767.1 50 8822.22 14630.2 50 8783.11 14610.7 50 8822.22 
cell 11951.1 50 8861.33 12400.9 50 8861.33 12381.3 50 8822.22 
cell 11951.1 50 8861.33 12381.3 50 8822.22 11970.7 50 8822.22 
cell 12792 50 8880.89 12870.2 50 8880.89 12831.1 50 8822.22 
cell 14767.1 50 8880.89 14767.1 50 8822.22 14610.7 50 8822.22 
cell 14767.1 50 8880.89 14610.7 50 8822.22 14512.9 50 8822.22 
cell 13574.2 50 8880.89 14767.1 50 8880.89 14512.9 50 8822.22 
cell 13574.2 50 8880.89 14512.9 50 8822.22 13613.3 50 8822.22 
cell 13378.7 50 8880.89 13437.3 50 8880.89 13398.2 50 8841.78 
cell 12674.7 50 8880.89 12655.1 50 8861.33 12498.7 50 8861.33 
cell 12674.7 50 8880.89 12498.7 50 8861.33 12400.9 50 8861.33 
cell 12674.7 50 8880.89 12400.9 50 8861.33 11951.1 50 8861.33 
cell 12674.7 50 8880.89 11951.1 50 8861.33 11853.3 50 8861.33 
cell 11618.7 50 7042.67 11736 50 6866.67 11012.4 50 6006.22 
cell 12889.8 50 8900.45 12870.2 50 8880.89 12792 50 8880.89 
cell 12889.8 50 8900.45 12792 50 8880.89 12674.7 50 8880.89 
cell 12400.9 50 7961.78 12831.1 50 7688 11912 50 7570.67 
cell 12400.9 50 7961.78 11912 50 7570.67 11775.1 50 7570.67 
cell 12400.9 50 7961.78 11775.1 50 7570.67 11951.1 50 7961.78 
cell 13437.3 50 8880.89 13378.7 50 8880.89 13359.1 50 8900.45 
cell 13574.2 50 8880.89 13437.3 50 8880.89 13359.1 50 8900.45 
cell 14767.1 50 8900.45 14767.1 50 8880.89 13574.2 50 8880.89 
cell 14767.1 50 8900.45 13574.2 50 8880.89 13359.1 50 8900.45 
cell 13769.8 50 9232.89 14767.1 50 9232.89 14767.1 50 8900.45 
cell 13769.8 50 9232.89 14767.1 50 8900.45 13359.1 50 8900.45 
cell 11736 50 7531.56 11736 50 7375.11 11618.7 50 7336 
cell 13632.9 50 9232.89 13769.8 50 9232.89 13359.1 50 8900.45 
cell 13574.2 50 9232.89 13632.9 50 9232.89 13359.1 50 8900.45 
cell 13339.6 50 9232.89 13574.2 50 9232.89 13359.1 50 8900.45 
cell 13241.8 50 9232.89 13339.6 50 9232.89 13359.1 50 8900.45 
cell 13241.8 50 9232.89 13359.1 50 8900.45 13144 50 8900.45 
cell 12870.2 50 9232.89 12987.6 50 9232.89 12889.8 50 8900.45 
cell 13026.7 50 9232.89 13241.8 50 9232.89 13144 50 8900.45 
cell 13026.7 50 9232.89 13144 50 8900.45 13104.9 50 8900.45 
cell 13104.9 50 8900.45 12889.8 50 8900.45 12987.6 50 9232.89 
cell 13104.9 50 8900.45 12987.6 50 9232.89 13026.7 50 9232.89 
cell 13632.9 50 9819.56 13554.7 50 9448 13496 50 9448 
cell 11775.1 50 8431.11 11814.2 50 8000.89 11618.7 50 7336 
cell 13183.1 50 9448 13085.3 50 9448 13007.1 50 9819.56 
cell 13339.6 50 9232.89 13241.8 50 9232.89 13261.3 50 9272 
cell 13339.6 50 9232.89 13261.3 50 9272 13320 50 9272 
cell 13632.9 50 9232.89 13574.2 50 9232.89 13593.8 50 9272 
cell 13808.9 50 9272 13789.3 50 9428.45 13887.1 50 9428.45 
cell 13808.9 50 9272 13887.1 50 9428.45 14767.1 50 9232.89 
cell 13926.2 50 9760.89 13828.4 50 9819.56 13828.4 50 9936.89 
cell 13926.2 50 9760.89 13828.4 50 9936.89 14767.1 50 9976 
cell 13828.4 50 9936.89 13789.3 50 9976 14767.1 50 9976 
cell 14767.1 50 9232.89 13769.8 50 9232.89 13808.9 50 9272 
cell 13945.8 50 9565.33 13926.2 50 9760.89 14767.1 50 9976 
cell 13945.8 50 9565.33 14767.1 50 9976 14767.1 50 9232.89 
cell 13887.1 50 9428.45 13945.8 50 9565.33 14767.1 50 9232.89 
cell 13085.3 50 9448 13183.1 50 9448 13163.6 50 9408.89 
cell 13085.3 50 9448 13163.6 50 9408.89 13104.9 50 9408.89 
cell 13241.8 50 9448 13339.6 50 9448 13320 50 9408.89 
cell 13241.8 50 9448 13320 50 9408.89 13261.3 50 9408.89 
cell 13398.2 50 9448 13496 50 9448 13476.4 50 9408.89 
cell 13398.2 50 9448 13476.4 50 9408.89 13417.8 50 9408.89 
cell 13554.7 50 9448 13632.9 50 9448 13574.2 50 9408.89 
cell 13026.7 50 9448 12987.6 50 9448 13007.1 50 9819.56 
cell 13085.3 50 9448 13026.7 50 9448 13007.1 50 9819.56 
cell 13632.9 50 9819.56 13632.9 50 9448 13554.7 50 9448 
cell 11814.2 50 8822.22 11814.2 50 8724.45 11775.1 50 8704.89 
cell 11814.2 50 8822.22 11775.1 50 8704.89 11012.4 50 11012.4 
cell 12831.1 50 9272 12674.7 50 8880.89 11853.3 50 8861.33 
cell 12831.1 50 9272 11853.3 50 8861.33 12831.1 50 9956.45 
cell 11775.1 50 8704.89 11775.1 50 8431.11 11618.7 50 7336 
cell 11775.1 50 8704.89 11618.7 50 7336 11012.4 50 6006.22 
cell 11775.1 50 8704.89 11012.4 50 6006.22 11012.4 50 11012.4 
cell 11012.4 50 11012.4 12870.2 50 9995.56 12831.1 50 9956.45 
cell 12831.1 50 9956.45 11853.3 50 8861.33 11814.2 50 8822.22 
cell 12831.1 50 9956.45 11814.2 50 8822.22 11012.4 50 11012.4 
cell 4969.78 50 11520.9 5556.45 50 11520.9 5517.33 50 11481.8 
cell 5517.33 50 11481.8 5536.89 50 11012.4 4969.78 50 11012.4 
cell 5517.33 50 11481.8 4969.78 50 11012.4 4969.78 50 11520.9 
cell 6006.22 50 11344.9 6006.22 50 11012.4 5673.78 50 11012.4 
cell 6006.22 50 11344.9 5673.78 50 11012.4 5673.78 50 11344.9 
cell 5947.56 50 12870.2 5732.45 50 12870.2 5419.56 50 13535.1 
cell 4891.56 50 12088 4852.45 50 12127.1 5263.11 50 12127.1 
cell 4969.78 50 11657.8 4891.56 50 11696.9 4891.56 50 12088 
cell 4891.56 50 12088 5263.11 50 12127.1 5380.45 50 12127.1 
cell 4891.56 50 12088 5380.45 50 12127.1 5654.22 50 11520.9 
cell 4891.56 50 12088 5654.22 50 11520.9 5556.45 50 11520.9 
cell 4891.56 50 12088 5556.45 50 11520.9 4969.78 50 11657.8 
cell 5556.45 50 11520.9 4969.78 50 11520.9 4969.78 50 11657.8 
cell 5732.45 50 12870.2 5673.78 50 12870.2 5419.56 50 13535.1 
cell 4754.67 50 12635.6 4696 50 12674.7 4696 50 12850.7 
cell 4754.67 50 12635.6 4696 50 12850.7 5263.11 50 12850.7 
cell 4754.67 50 12635.6 5263.11 50 12850.7 5224 50 12811.6 
cell 5224 50 12674.7 5263.11 50 12655.1 5263.11 50 12322.7 
cell 4832.89 50 12283.6 4754.67 50 12322.7 4754.67 50 12635.6 
cell 4832.89 50 12283.6 4754.67 50 12635.6 5224 50 12674.7 
cell 4832.89 50 12283.6 5224 50 12674.7 5263.11 50 12322.7 
cell 4832.89 50 12283.6 5263.11 50 12322.7 5224 50 12303.1 
cell 4754.67 50 12635.6 5224 50 12811.6 5224 50 12674.7 
cell 5224 50 12166.2 5263.11 50 12127.1 4852.45 50 12127.1 
cell 5224 50 12166.2 4852.45 50 12127.1 4832.89 50 12283.6 
cell 5224 50 12166.2 4832.89 50 12283.6 5224 50 12303.1 
cell 6006.22 50 11481.8 5673.78 50 11481.8 5654.22 50 11520.9 
cell 6006.22 50 11481.8 5654.22 50 11520.9 5380.45 50 12127.1 
cell 6006.22 50 11481.8 5380.45 50 12127.1 6006.22 50 12146.7 
cell 6006.22 50 12655.1 6006.22 50 12322.7 5986.67 50 12283.6 
cell 6006.22 50 12655.1 5986.67 50 12283.6 5400 50 12303.1 
cell 6006.22 50 12655.1 5400 50 12303.1 5400 50 12655.1 
cell 5380.45 50 12850.7 5458.67 50 12850.7 5419.56 50 12792 
cell 5224 50 13398.2 5341.33 50 13535.1 5419.56 50 13535.1 
cell 5224 50 13398.2 5419.56 50 13535.1 5673.78 50 12870.2 
cell 5224 50 13398.2 5673.78 50 12870.2 5478.22 50 12870.2 
cell 5673.78 50 12870.2 5732.45 50 12870.2 5693.33 50 12831.1 
cell 5478.22 50 12870.2 5458.67 50 12850.7 5380.45 50 12850.7 
cell 5478.22 50 12870.2 5380.45 50 12850.7 5263.11 50 12850.7 
cell 4696 50 12870.2 5478.22 50 12870.2 5263.11 50 12850.7 
cell 4696 50 12870.2 5263.11 50 12850.7 4696 50 12850.7 
cell 4696 50 13046.2 4617.78 50 13085.3 4617.78 50 13124.4 
cell 4696 50 13046.2 4617.78 50 13124.4 4793.78 50 13183.1 
cell 4950.22 50 13261.3 4989.33 50 13320 5067.56 50 13320 
cell 4950.22 50 13261.3 5067.56 50 13320 4696 50 12870.2 
cell 5478.22 50 12870.2 4696 50 12870.2 5067.56 50 13320 
cell 5478.22 50 12870.2 5067.56 50 13320 5224 50 13398.2 
cell 4793.78 50 13183.1 4852.45 50 13261.3 4950.22 50 13261.3 
cell 4793.78 50 13183.1 4950.22 50 13261.3 4696 50 12870.2 
cell 4793.78 50 13183.1 4696 50 12870.2 4696 50 13046.2 
cell 5067.56 50 13320 5126.22 50 13398.2 5224 50 13398.2 
cell 6006.22 50 12831.1 5986.67 50 12811.6 5947.56 50 12870.2 
cell 6006.22 50 12831.1 5947.56 50 12870.2 5419.56 50 13535.1 
cell 6006.22 50 12831.1 5419.56 50 13535.1 6006.22 50 14121.8 
cell 6006.22 50 11344.9 6084.45 50 11344.9 6025.78 50 11012.4 
cell 6006.22 50 11344.9 6025.78 50 11012.4 6006.22 50 11012.4 
cell 6260.45 50 11051.6 6866.67 50 11051.6 6827.56 50 11012.4 
cell 6260.45 50 11051.6 6827.56 50 11012.4 6260.45 50 11012.4 
cell 8079.11 50 11051.6 8079.11 50 11012.4 8020.44 50 11012.4 
cell 8079.11 50 11051.6 8020.44 50 11012.4 7981.33 50 11051.6 
cell 9076.45 50 11090.7 10034.7 50 11090.7 9995.56 50 11012.4 
cell 9076.45 50 11090.7 9995.56 50 11012.4 9076.45 50 11012.4 
cell 11012.4 50 11012.4 10914.7 50 11677.3 10914.7 50 11814.2 
cell 10132.4 50 11090.7 10562.7 50 11090.7 10523.6 50 11032 
cell 10132.4 50 11090.7 10523.6 50 11032 10171.6 50 11032 
cell 8118.22 50 11149.3 8079.11 50 11051.6 7981.33 50 11051.6 
cell 8118.22 50 11149.3 7981.33 50 11051.6 7844.44 50 11051.6 
cell 6866.67 50 11051.6 6260.45 50 11051.6 6221.33 50 11149.3 
cell 7023.11 50 11051.6 6866.67 50 11051.6 6221.33 50 11149.3 
cell 8118.22 50 11149.3 7844.44 50 11051.6 7023.11 50 11051.6 
cell 8118.22 50 11149.3 7023.11 50 11051.6 6221.33 50 11149.3 
cell 7512 50 15960 7512 50 16018.7 10523.6 50 16018.7 
cell 6338.67 50 14512.9 6475.56 50 14728 7433.78 50 15823.1 
cell 10582.2 50 15901.3 10640.9 50 15862.2 10640.9 50 15764.4 
cell 6475.56 50 14728 6553.78 50 14864.9 7433.78 50 15823.1 
cell 6553.78 50 14864.9 6553.78 50 14962.7 7433.78 50 15823.1 
cell 8255.11 50 11149.3 8333.33 50 11149.3 8274.67 50 11110.2 
cell 8548.45 50 11149.3 8607.11 50 11149.3 8568 50 11110.2 
cell 8822.22 50 11149.3 8900.45 50 11149.3 8841.78 50 11110.2 
cell 6221.33 50 11149.3 6221.33 50 11501.3 7922.67 50 11501.3 
cell 6221.33 50 11149.3 7922.67 50 11501.3 8118.22 50 11149.3 
cell 6162.67 50 12850.7 6006.22 50 12831.1 6006.22 50 14121.8 
cell 6162.67 50 12850.7 6006.22 50 14121.8 6338.67 50 14512.9 
cell 8118.22 50 11149.3 7922.67 50 11501.3 8313.78 50 11501.3 
cell 8118.22 50 11149.3 8313.78 50 11501.3 8255.11 50 11149.3 
cell 9037.33 50 11149.3 8900.45 50 11149.3 8841.78 50 11501.3 
cell 8333.33 50 11149.3 8255.11 50 11149.3 8313.78 50 11501.3 
cell 8333.33 50 11149.3 8313.78 50 11501.3 8392 50 11501.3 
cell 8822.22 50 11149.3 8607.11 50 11149.3 8704.89 50 11501.3 
cell 8822.22 50 11149.3 8704.89 50 11501.3 8841.78 50 11501.3 
cell 8548.45 50 11149.3 8333.33 50 11149.3 8392 50 11501.3 
cell 8548.45 50 11149.3 8392 50 11501.3 8626.67 50 11501.3 
cell 8900.45 50 11149.3 8822.22 50 11149.3 8841.78 50 11501.3 
cell 8607.11 50 11149.3 8548.45 50 11149.3 8626.67 50 11501.3 
cell 8607.11 50 11149.3 8626.67 50 11501.3 8704.89 50 11501.3 
cell 10601.8 50 11618.7 10680 50 11090.7 10562.7 50 11090.7 
cell 7903.11 50 11520.9 7922.67 50 11501.3 6221.33 50 11501.3 
cell 7903.11 50 11520.9 6221.33 50 11501.3 6201.78 50 11520.9 
cell 8392 50 11501.3 8313.78 50 11501.3 8333.33 50 11540.4 
cell 8704.89 50 11501.3 8626.67 50 11501.3 8646.22 50 11540.4 
cell 6006.22 50 14121.8 6006.22 50 14200 6338.67 50 14512.9 
cell 10523.6 50 16018.7 10582.2 50 15999.1 10582.2 50 15901.3 
cell 10523.6 50 16018.7 10582.2 50 15901.3 10640.9 50 15764.4 
cell 6338.67 50 14512.9 6338.67 50 14610.7 6475.56 50 14728 
cell 10640.9 50 15764.4 10719.1 50 15725.3 10719.1 50 15627.6 
cell 10015.1 50 11618.7 10269.3 50 11618.7 10132.4 50 11090.7 
cell 10015.1 50 11618.7 10132.4 50 11090.7 10034.7 50 11090.7 
cell 7766.22 50 11579.6 7883.56 50 11579.6 7903.11 50 11520.9 
cell 6944.89 50 11618.7 6984 50 11579.6 6201.78 50 11520.9 
cell 7120.89 50 11579.6 7766.22 50 11579.6 7903.11 50 11520.9 
cell 6984 50 11579.6 7120.89 50 11579.6 7903.11 50 11520.9 
cell 6984 50 11579.6 7903.11 50 11520.9 6201.78 50 11520.9 
cell 6886.22 50 11755.6 6944.89 50 11755.6 6944.89 50 11618.7 
cell 10601.8 50 11618.7 10719.1 50 11638.2 10875.6 50 11638.2 
cell 9076.45 50 11090.7 9037.33 50 11149.3 8841.78 50 11501.3 
cell 9076.45 50 11090.7 8841.78 50 11501.3 8880.89 50 11618.7 
cell 9076.45 50 11090.7 8880.89 50 11618.7 10015.1 50 11618.7 
cell 9076.45 50 11090.7 10015.1 50 11618.7 10034.7 50 11090.7 
cell 6162.67 50 12127.1 6866.67 50 12127.1 6827.56 50 12088 
cell 6162.67 50 12127.1 6827.56 50 12088 6827.56 50 11814.2 
cell 7766.22 50 11579.6 7120.89 50 11579.6 7140.44 50 11618.7 
cell 9917.33 50 11638.2 9995.56 50 11638.2 10015.1 50 11618.7 
cell 9760.89 50 11638.2 9917.33 50 11638.2 10015.1 50 11618.7 
cell 9760.89 50 11638.2 10015.1 50 11618.7 8880.89 50 11618.7 
cell 9760.89 50 11638.2 8880.89 50 11618.7 8880.89 50 11638.2 
cell 10347.6 50 11618.7 10269.3 50 11618.7 10288.9 50 11657.8 
cell 10601.8 50 11618.7 10621.3 50 11638.2 10719.1 50 11638.2 
cell 10269.3 50 11618.7 10347.6 50 11618.7 10132.4 50 11090.7 
cell 10347.6 50 11618.7 10601.8 50 11618.7 10562.7 50 11090.7 
cell 10347.6 50 11618.7 10562.7 50 11090.7 10132.4 50 11090.7 
cell 8880.89 50 11638.2 8880.89 50 11696.9 8939.56 50 11696.9 
cell 8880.89 50 11638.2 8939.56 50 11696.9 9760.89 50 11638.2 
cell 8939.56 50 12068.4 8880.89 50 12068.4 8880.89 50 12205.3 
cell 8998.22 50 12009.8 8939.56 50 12068.4 8880.89 50 12205.3 
cell 8998.22 50 12009.8 8880.89 50 12205.3 9721.78 50 12244.4 
cell 9721.78 50 11677.3 8998.22 50 11755.6 8998.22 50 12009.8 
cell 9721.78 50 11677.3 8998.22 50 12009.8 9721.78 50 12244.4 
cell 9760.89 50 11638.2 8939.56 50 11696.9 8998.22 50 11755.6 
cell 9760.89 50 11638.2 8998.22 50 11755.6 9721.78 50 11677.3 
cell 8841.78 50 12244.4 9721.78 50 12244.4 8880.89 50 12205.3 
cell 9995.56 50 11638.2 9917.33 50 11638.2 9956.45 50 11696.9 
cell 10719.1 50 11638.2 10621.3 50 11638.2 10640.9 50 11696.9 
cell 6827.56 50 11814.2 6886.22 50 11755.6 6944.89 50 11618.7 
cell 6827.56 50 11814.2 6944.89 50 11618.7 6201.78 50 11520.9 
cell 6827.56 50 11814.2 6201.78 50 11520.9 6104 50 11520.9 
cell 6827.56 50 11814.2 6104 50 11520.9 6162.67 50 12127.1 
cell 10680 50 11090.7 10601.8 50 11618.7 10875.6 50 11638.2 
cell 6104 50 11520.9 6084.45 50 11481.8 6006.22 50 11481.8 
cell 6104 50 11520.9 6006.22 50 11481.8 6006.22 50 12146.7 
cell 6104 50 11520.9 6006.22 50 12146.7 6162.67 50 12127.1 
cell 11012.4 50 11012.4 10719.1 50 11012.4 10680 50 11090.7 
cell 11012.4 50 11012.4 10680 50 11090.7 10875.6 50 11638.2 
cell 11012.4 50 11012.4 10875.6 50 11638.2 10914.7 50 11677.3 
cell 10914.7 50 11814.2 10856 50 11853.3 10856 50 12205.3 
cell 10914.7 50 11814.2 10856 50 12205.3 10914.7 50 12244.4 
cell 7433.78 50 15823.1 7433.78 50 15901.3 7512 50 15960 
cell 7433.78 50 15823.1 7512 50 15960 10523.6 50 16018.7 
cell 8704.89 50 12048.9 8685.33 50 11696.9 8607.11 50 11696.9 
cell 8704.89 50 12048.9 8607.11 50 11696.9 8548.45 50 11696.9 
cell 8157.33 50 11696.9 8059.56 50 11696.9 8079.11 50 12088 
cell 8665.78 50 12088 8704.89 50 12048.9 8548.45 50 11696.9 
cell 8665.78 50 12088 8548.45 50 11696.9 8470.22 50 11696.9 
cell 8235.56 50 11696.9 8157.33 50 11696.9 8079.11 50 12088 
cell 8411.56 50 11696.9 8294.22 50 11696.9 8079.11 50 12088 
cell 8411.56 50 11696.9 8079.11 50 12088 8665.78 50 12088 
cell 8294.22 50 11696.9 8235.56 50 11696.9 8079.11 50 12088 
cell 8665.78 50 12088 8470.22 50 11696.9 8411.56 50 11696.9 
cell 7727.11 50 12127.1 7766.22 50 12127.1 7746.67 50 11755.6 
cell 7140.44 50 11755.6 7120.89 50 12127.1 7199.11 50 12127.1 
cell 7668.44 50 12127.1 7727.11 50 12127.1 7746.67 50 11755.6 
cell 7140.44 50 11755.6 7199.11 50 12127.1 7257.78 50 12127.1 
cell 7590.22 50 12127.1 7668.44 50 12127.1 7746.67 50 11755.6 
cell 7531.56 50 12127.1 7590.22 50 12127.1 7746.67 50 11755.6 
cell 7140.44 50 11755.6 7257.78 50 12127.1 7355.56 50 12127.1 
cell 7140.44 50 11755.6 7355.56 50 12127.1 7414.22 50 12127.1 
cell 7414.22 50 12127.1 7531.56 50 12127.1 7746.67 50 11755.6 
cell 7414.22 50 12127.1 7746.67 50 11755.6 7140.44 50 11755.6 
cell 10719.1 50 12224.9 10719.1 50 11853.3 10601.8 50 11853.3 
cell 10034.7 50 11853.3 9917.33 50 11853.3 9897.78 50 12224.9 
cell 10719.1 50 12224.9 10601.8 50 11853.3 10543.1 50 11853.3 
cell 10093.3 50 11853.3 10034.7 50 11853.3 9897.78 50 12224.9 
cell 10680 50 12264 10719.1 50 12224.9 10543.1 50 11853.3 
cell 10680 50 12264 10543.1 50 11853.3 10425.8 50 11853.3 
cell 10093.3 50 11853.3 9897.78 50 12224.9 9936.89 50 12264 
cell 10093.3 50 11853.3 9936.89 50 12264 10210.7 50 11853.3 
cell 10269.3 50 11853.3 10210.7 50 11853.3 9936.89 50 12264 
cell 10269.3 50 11853.3 9936.89 50 12264 10680 50 12264 
cell 10269.3 50 11853.3 10680 50 12264 10367.1 50 11853.3 
cell 10680 50 12264 10425.8 50 11853.3 10367.1 50 11853.3 
cell 6944.89 50 12303.1 6964.45 50 12146.7 6866.67 50 12127.1 
cell 6944.89 50 12303.1 6866.67 50 12127.1 6299.56 50 12283.6 
cell 6944.89 50 12303.1 6299.56 50 12283.6 6299.56 50 12342.2 
cell 6162.67 50 12127.1 6201.78 50 12244.4 6299.56 50 12283.6 
cell 6162.67 50 12127.1 6299.56 50 12283.6 6866.67 50 12127.1 
cell 6299.56 50 12342.2 6984 50 12342.2 6944.89 50 12303.1 
cell 7199.11 50 12127.1 7120.89 50 12127.1 7140.44 50 12166.2 
cell 7355.56 50 12127.1 7257.78 50 12127.1 7277.33 50 12166.2 
cell 7355.56 50 12127.1 7277.33 50 12166.2 7336 50 12166.2 
cell 7531.56 50 12127.1 7414.22 50 12127.1 7433.78 50 12166.2 
cell 7531.56 50 12127.1 7433.78 50 12166.2 7512 50 12166.2 
cell 7668.44 50 12127.1 7590.22 50 12127.1 7609.78 50 12166.2 
cell 8059.56 50 12244.4 7942.22 50 12244.4 7903.11 50 12342.2 
cell 8704.89 50 12244.4 8059.56 50 12244.4 7903.11 50 12342.2 
cell 9721.78 50 12342.2 9721.78 50 12244.4 8841.78 50 12244.4 
cell 7903.11 50 12342.2 9721.78 50 12342.2 8841.78 50 12244.4 
cell 7903.11 50 12342.2 8841.78 50 12244.4 8704.89 50 12244.4 
cell 7120.89 50 12342.2 7199.11 50 12342.2 7140.44 50 12303.1 
cell 7433.78 50 12342.2 7512 50 12342.2 7453.33 50 12303.1 
cell 6045.33 50 12616 6045.33 50 12342.2 6006.22 50 12322.7 
cell 6045.33 50 12616 6006.22 50 12322.7 6006.22 50 12655.1 
cell 6984 50 12342.2 6299.56 50 12342.2 6299.56 50 12420.4 
cell 7120.89 50 12342.2 6984 50 12342.2 6299.56 50 12420.4 
cell 7199.11 50 12342.2 7120.89 50 12342.2 6299.56 50 12420.4 
cell 7433.78 50 12342.2 7199.11 50 12342.2 6299.56 50 12420.4 
cell 7512 50 12342.2 7433.78 50 12342.2 6299.56 50 12420.4 
cell 7903.11 50 12342.2 7512 50 12342.2 6299.56 50 12420.4 
cell 9760.89 50 12420.4 9721.78 50 12342.2 7903.11 50 12342.2 
cell 9760.89 50 12420.4 7903.11 50 12342.2 6299.56 50 12420.4 
cell 10719.1 50 12440 10699.6 50 12420.4 9897.78 50 12420.4 
cell 10719.1 50 12440 9897.78 50 12420.4 9760.89 50 12420.4 
cell 6299.56 50 12440 10719.1 50 12440 9760.89 50 12420.4 
cell 6299.56 50 12440 9760.89 50 12420.4 6299.56 50 12420.4 
cell 6260.45 50 12518.2 6201.78 50 12518.2 6201.78 50 12811.6 
cell 6299.56 50 12440 6260.45 50 12518.2 6201.78 50 12811.6 
cell 6299.56 50 12440 6201.78 50 12811.6 10719.1 50 12440 
cell 6475.56 50 14728 6475.56 50 14806.2 6553.78 50 14864.9 
cell 10719.1 50 15627.6 10856 50 15529.8 11012.4 50 15334.2 
cell 10719.1 50 15627.6 11012.4 50 15334.2 10875.6 50 12440 
cell 10719.1 50 15627.6 10875.6 50 12440 10719.1 50 12440 
cell 11012.4 50 11012.4 10914.7 50 11814.2 10914.7 50 12244.4 
cell 11012.4 50 11012.4 10914.7 50 12244.4 10914.7 50 12400.9 
cell 11012.4 50 11012.4 10914.7 50 12400.9 11012.4 50 15334.2 
cell 6201.78 50 12811.6 6162.67 50 12850.7 6338.67 50 14512.9 
cell 7433.78 50 15823.1 10523.6 50 16018.7 10640.9 50 15764.4 
cell 11012.4 50 15334.2 10914.7 50 12400.9 10875.6 50 12440 
cell 6201.78 50 12811.6 6338.67 50 14512.9 7433.78 50 15823.1 
cell 6201.78 50 12811.6 7433.78 50 15823.1 10640.9 50 15764.4 
cell 6201.78 50 12811.6 10640.9 50 15764.4 10719.1 50 15627.6 
cell 6201.78 50 12811.6 10719.1 50 15627.6 10719.1 50 12440 
cell 11638.2 50 14767.1 11736 50 14767.1 11775.1 50 14708.4 
cell 11501.3 50 14845.3 11599.1 50 14845.3 11638.2 50 14767.1 
cell 11012.4 50 15334.2 11129.8 50 15256 11129.8 50 15216.9 
cell 11012.4 50 15334.2 11129.8 50 15216.9 11012.4 50 11012.4 
cell 14336.9 50 12440 14434.7 50 12440 14493.3 50 12361.8 
cell 14336.9 50 12440 14493.3 50 12361.8 14493.3 50 11990.2 
cell 14630.2 50 11168.9 14708.4 50 11129.8 14728 50 11012.4 
cell 14630.2 50 11168.9 14728 50 11012.4 11012.4 50 11012.4 
cell 11129.8 50 15216.9 11266.7 50 15119.1 11266.7 50 15080 
cell 11129.8 50 15216.9 11266.7 50 15080 11012.4 50 11012.4 
cell 12987.6 50 13769.8 13124.4 50 13672 13124.4 50 13632.9 
cell 13124.4 50 13632.9 13261.3 50 13535.1 13261.3 50 13496 
cell 13261.3 50 13496 13398.2 50 13398.2 13398.2 50 13359.1 
cell 13398.2 50 13359.1 13535.1 50 13261.3 13535.1 50 13222.2 
cell 13535.1 50 13222.2 13672 50 13124.4 13672 50 13085.3 
cell 13672 50 13085.3 13808.9 50 12987.6 13808.9 50 12948.4 
cell 13808.9 50 12948.4 13945.8 50 12850.7 13945.8 50 12811.6 
cell 14571.6 50 11364.4 14630.2 50 11325.3 14630.2 50 11168.9 
cell 11775.1 50 14708.4 11951.1 50 14708.4 11990.2 50 14630.2 
cell 12264 50 14571.6 12498.7 50 14571.6 12498.7 50 14473.8 
cell 12498.7 50 14473.8 12635.6 50 14356.4 12635.6 50 14258.7 
cell 12498.7 50 14473.8 12635.6 50 14258.7 12264 50 14571.6 
cell 12635.6 50 14258.7 12772.4 50 14141.3 12772.4 50 14043.6 
cell 12635.6 50 14258.7 12772.4 50 14043.6 11990.2 50 14630.2 
cell 12635.6 50 14258.7 11990.2 50 14630.2 12264 50 14571.6 
cell 11990.2 50 14630.2 12224.9 50 14630.2 12264 50 14571.6 
cell 11266.7 50 15080 11403.6 50 14982.2 11501.3 50 14845.3 
cell 11266.7 50 15080 11501.3 50 14845.3 11012.4 50 11012.4 
cell 12772.4 50 14043.6 12987.6 50 13867.6 12987.6 50 13769.8 
cell 12772.4 50 14043.6 12987.6 50 13769.8 11501.3 50 14845.3 
cell 12772.4 50 14043.6 11501.3 50 14845.3 11638.2 50 14767.1 
cell 13945.8 50 12811.6 14082.7 50 12713.8 14258.7 50 12498.7 
cell 13945.8 50 12811.6 14258.7 50 12498.7 14493.3 50 11990.2 
cell 13535.1 50 13222.2 13672 50 13085.3 14493.3 50 11990.2 
cell 11501.3 50 14845.3 12987.6 50 13769.8 13124.4 50 13632.9 
cell 11501.3 50 14845.3 13124.4 50 13632.9 14571.6 50 11364.4 
cell 11501.3 50 14845.3 14571.6 50 11364.4 14630.2 50 11168.9 
cell 11501.3 50 14845.3 14630.2 50 11168.9 11012.4 50 11012.4 
cell 14258.7 50 12498.7 14336.9 50 12440 14493.3 50 11990.2 
cell 14493.3 50 11990.2 14571.6 50 11951.1 14571.6 50 11364.4 
cell 13261.3 50 13496 13398.2 50 13359.1 14493.3 50 11990.2 
cell 13398.2 50 13359.1 13535.1 50 13222.2 14493.3 50 11990.2 
cell 13124.4 50 13632.9 13261.3 50 13496 14493.3 50 11990.2 
cell 13124.4 50 13632.9 14493.3 50 11990.2 14571.6 50 11364.4 
cell 13808.9 50 12948.4 13945.8 50 12811.6 14493.3 50 11990.2 
cell 11775.1 50 14708.4 11990.2 50 14630.2 12772.4 50 14043.6 
cell 11638.2 50 14767.1 11775.1 50 14708.4 12772.4 50 14043.6 
cell 13672 50 13085.3 13808.9 50 12948.4 14493.3 50 11990.2 
cell 10504 50 20614.2 10504 50 20516.4 10445.3 50 20477.3 
cell 10367.1 50 20340.4 10367.1 50 20242.7 10308.4 50 20203.6 
cell 8548.45 50 18854.2 8548.45 50 18952 8607.11 50 18991.1 
cell 10582.2 50 20751.1 10582.2 50 20672.9 10504 50 20614.2 
cell 10582.2 50 20751.1 10504 50 20614.2 8607.11 50 20672.9 
cell 10445.3 50 20477.3 10445.3 50 20399.1 10367.1 50 20340.4 
cell 10308.4 50 20203.6 10308.4 50 20125.3 10230.2 50 20066.7 
cell 10230.2 50 16800.9 10308.4 50 16761.8 10308.4 50 16664 
cell 8470.22 50 18717.3 8470.22 50 18795.6 8548.45 50 18854.2 
cell 8607.11 50 18991.1 8607.11 50 19069.3 8685.33 50 19128 
cell 8685.33 50 20536 8607.11 50 20575.1 8607.11 50 20672.9 
cell 8685.33 50 20536 8607.11 50 20672.9 10504 50 20614.2 
cell 8685.33 50 20536 10504 50 20614.2 10445.3 50 20477.3 
cell 8685.33 50 20536 10445.3 50 20477.3 10367.1 50 20340.4 
cell 8059.56 50 16644.4 8059.56 50 16742.2 8137.78 50 16800.9 
cell 8059.56 50 16644.4 8137.78 50 16800.9 10093.3 50 17211.6 
cell 8059.56 50 16644.4 10093.3 50 17211.6 10171.6 50 17016 
cell 8059.56 50 16644.4 10171.6 50 17016 10230.2 50 16800.9 
cell 8333.33 50 18365.3 8333.33 50 18463.1 8411.56 50 18521.8 
cell 10230.2 50 20066.7 10230.2 50 19910.2 10171.6 50 19871.1 
cell 10230.2 50 20066.7 10171.6 50 19871.1 8822.22 50 19538.7 
cell 10230.2 50 20066.7 8822.22 50 19538.7 8822.22 50 20262.2 
cell 10308.4 50 16664 10367.1 50 16624.9 10367.1 50 16468.4 
cell 8274.67 50 18169.8 8274.67 50 18326.2 8333.33 50 18365.3 
cell 8411.56 50 18521.8 8411.56 50 18678.2 8470.22 50 18717.3 
cell 8685.33 50 19128 8685.33 50 19284.4 8744 50 19323.6 
cell 10093.3 50 17211.6 10171.6 50 17172.4 10171.6 50 17016 
cell 10171.6 50 17016 10230.2 50 16976.9 10230.2 50 16800.9 
cell 10367.1 50 16468.4 10445.3 50 16429.3 10445.3 50 16253.3 
cell 8744 50 19323.6 8744 50 19480 8822.22 50 19538.7 
cell 7922.67 50 16448.9 7922.67 50 16527.1 8059.56 50 16644.4 
cell 7922.67 50 16448.9 8059.56 50 16644.4 10230.2 50 16800.9 
cell 10445.3 50 16253.3 10504 50 16214.2 10523.6 50 16018.7 
cell 8196.45 50 17680.9 8196.45 50 18111.1 8274.67 50 18169.8 
cell 8685.33 50 20536 10367.1 50 20340.4 10308.4 50 20203.6 
cell 8685.33 50 20536 10308.4 50 20203.6 10230.2 50 20066.7 
cell 8685.33 50 20536 10230.2 50 20066.7 8822.22 50 20262.2 
cell 8685.33 50 20536 8822.22 50 20262.2 8744 50 20301.3 
cell 8548.45 50 18854.2 8607.11 50 18991.1 8685.33 50 19128 
cell 8548.45 50 18854.2 8685.33 50 19128 8411.56 50 18521.8 
cell 8196.45 50 17680.9 8411.56 50 18521.8 8685.33 50 19128 
cell 8196.45 50 17680.9 8685.33 50 19128 10093.3 50 19440.9 
cell 8196.45 50 17680.9 10093.3 50 19440.9 10093.3 50 17211.6 
cell 8196.45 50 17680.9 10093.3 50 17211.6 8137.78 50 16800.9 
cell 10230.2 50 16800.9 10308.4 50 16664 10367.1 50 16468.4 
cell 8411.56 50 18521.8 8470.22 50 18717.3 8548.45 50 18854.2 
cell 8274.67 50 18169.8 8333.33 50 18365.3 8411.56 50 18521.8 
cell 8274.67 50 18169.8 8411.56 50 18521.8 8196.45 50 17680.9 
cell 8137.78 50 16800.9 8137.78 50 17641.8 8196.45 50 17680.9 
cell 8685.33 50 19128 8744 50 19323.6 8822.22 50 19538.7 
cell 8685.33 50 19128 8822.22 50 19538.7 10171.6 50 19871.1 
cell 8685.33 50 19128 10171.6 50 19871.1 10171.6 50 19499.6 
cell 8685.33 50 19128 10171.6 50 19499.6 10093.3 50 19440.9 
cell 7512 50 16018.7 7512 50 16057.8 7922.67 50 16448.9 
cell 7512 50 16018.7 7922.67 50 16448.9 10230.2 50 16800.9 
cell 7512 50 16018.7 10230.2 50 16800.9 10367.1 50 16468.4 
cell 7512 50 16018.7 10367.1 50 16468.4 10523.6 50 16018.7 
cell 10367.1 50 16468.4 10445.3 50 16253.3 10523.6 50 16018.7 
cell 8607.11 50 20672.9 8470.22 50 20770.7 8274.67 50 21024.9 
cell 8607.11 50 20672.9 8274.67 50 21024.9 10856 50 21024.9 
cell 8607.11 50 20672.9 10856 50 21024.9 10582.2 50 20751.1 
cell 6006.22 50 22863.1 5928 50 22902.2 5928 50 23000 
cell 5458.67 50 24173.3 5380.45 50 24212.4 5380.45 50 24310.2 
cell 5791.11 50 23430.2 5732.45 50 23469.3 5732.45 50 23625.8 
cell 5928 50 23000 5869.33 50 23039.1 5869.33 50 23215.1 
cell 5869.33 50 23215.1 5791.11 50 23254.2 5791.11 50 23430.2 
cell 5243.56 50 24584 5165.33 50 24623.1 5165.33 50 24799.1 
cell 5732.45 50 23625.8 5654.22 50 23664.9 5595.56 50 23899.6 
cell 5595.56 50 23899.6 5517.33 50 23938.7 5458.67 50 24173.3 
cell 5380.45 50 24310.2 5302.22 50 24349.3 5243.56 50 24584 
cell 5165.33 50 25522.7 5165.33 50 25816 5243.56 50 25874.7 
cell 6006.22 50 22863.1 5928 50 23000 5869.33 50 23215.1 
cell 5869.33 50 23215.1 5791.11 50 23430.2 5732.45 50 23625.8 
cell 5869.33 50 23215.1 5732.45 50 23625.8 6006.22 50 26031.1 
cell 5869.33 50 23215.1 6006.22 50 26031.1 6006.22 50 22863.1 
cell 5458.67 50 24173.3 5380.45 50 24310.2 5243.56 50 24584 
cell 5458.67 50 24173.3 5243.56 50 24584 5165.33 50 24799.1 
cell 5165.33 50 24799.1 5106.67 50 24838.2 5106.67 50 25483.6 
cell 5165.33 50 24799.1 5106.67 50 25483.6 5165.33 50 25522.7 
cell 5165.33 50 25522.7 5243.56 50 25874.7 6006.22 50 26031.1 
cell 5165.33 50 25522.7 6006.22 50 26031.1 5732.45 50 23625.8 
cell 5165.33 50 25522.7 5732.45 50 23625.8 5595.56 50 23899.6 
cell 5165.33 50 25522.7 5595.56 50 23899.6 5165.33 50 24799.1 
cell 5595.56 50 23899.6 5458.67 50 24173.3 5165.33 50 24799.1 
cell 5243.56 50 25874.7 5263.11 50 26031.1 6006.22 50 26031.1 
cell 7961.78 50 21259.6 7864 50 21259.6 7864 50 21298.7 
cell 6377.78 50 22628.4 6280 50 22628.4 6280 50 22667.6 
cell 7512 50 21474.7 7433.78 50 21533.3 7433.78 50 21572.4 
cell 7512 50 21474.7 7433.78 50 21572.4 7609.78 50 21474.7 
cell 7746.67 50 21396.4 7648.89 50 21396.4 7609.78 50 21474.7 
cell 6006.22 50 26031.1 6416.89 50 26031.1 6456 50 25972.4 
cell 6006.22 50 26031.1 6456 50 25972.4 6905.78 50 24838.2 
cell 6006.22 50 26031.1 6905.78 50 24838.2 6847.11 50 24681.8 
cell 6006.22 50 26031.1 6847.11 50 24681.8 6006.22 50 22863.1 
cell 7199.11 50 21807.1 7160 50 21807.1 7062.22 50 21944 
cell 7062.22 50 21944 7023.11 50 21944 6925.33 50 22080.9 
cell 6925.33 50 22080.9 6886.22 50 22080.9 6788.45 50 22217.8 
cell 6788.45 50 22217.8 6749.33 50 22217.8 6651.56 50 22354.7 
cell 6651.56 50 22354.7 6612.45 50 22354.7 6514.67 50 22491.6 
cell 6514.67 50 22491.6 6475.56 50 22491.6 6377.78 50 22628.4 
cell 6377.78 50 22628.4 7042.67 50 24564.4 7101.33 50 24564.4 
cell 8157.33 50 21122.7 8059.56 50 21122.7 7961.78 50 21259.6 
cell 7961.78 50 21259.6 7864 50 21298.7 7746.67 50 21396.4 
cell 7961.78 50 21259.6 7746.67 50 21396.4 6514.67 50 22491.6 
cell 7961.78 50 21259.6 6514.67 50 22491.6 6377.78 50 22628.4 
cell 7805.33 50 25288 6984 50 24838.2 6905.78 50 24838.2 
cell 7805.33 50 25288 6905.78 50 24838.2 6456 50 25972.4 
cell 7805.33 50 25288 6456 50 25972.4 6534.22 50 25972.4 
cell 7805.33 50 25288 6534.22 50 25972.4 7864 50 25346.7 
cell 7433.78 50 21572.4 7296.89 50 21670.2 7199.11 50 21807.1 
cell 7433.78 50 21572.4 7199.11 50 21807.1 7609.78 50 21474.7 
cell 8157.33 50 21122.7 7961.78 50 21259.6 6377.78 50 22628.4 
cell 7746.67 50 21396.4 7609.78 50 21474.7 7199.11 50 21807.1 
cell 7746.67 50 21396.4 7199.11 50 21807.1 7062.22 50 21944 
cell 8274.67 50 21024.9 8157.33 50 21122.7 6377.78 50 22628.4 
cell 7746.67 50 21396.4 7062.22 50 21944 6925.33 50 22080.9 
cell 7746.67 50 21396.4 6925.33 50 22080.9 6788.45 50 22217.8 
cell 7746.67 50 21396.4 6788.45 50 22217.8 6651.56 50 22354.7 
cell 7746.67 50 21396.4 6651.56 50 22354.7 6514.67 50 22491.6 
cell 7160 50 24623.1 9448 50 24838.2 9584.89 50 24838.2 
cell 6377.78 50 22628.4 6280 50 22667.6 6162.67 50 22765.3 
cell 6377.78 50 22628.4 6162.67 50 22765.3 7042.67 50 24564.4 
cell 7805.33 50 25288 7805.33 50 25190.2 6984 50 24838.2 
cell 7942.22 50 25346.7 7864 50 25346.7 6534.22 50 25972.4 
cell 7140.44 50 24760 7042.67 50 24760 6984 50 24838.2 
cell 7140.44 50 24760 6984 50 24838.2 9448 50 24838.2 
cell 6377.78 50 22628.4 7101.33 50 24564.4 7160 50 24623.1 
cell 6162.67 50 22765.3 6064.89 50 22765.3 6006.22 50 22863.1 
cell 6162.67 50 22765.3 6006.22 50 22863.1 6847.11 50 24681.8 
cell 6162.67 50 22765.3 6847.11 50 24681.8 7042.67 50 24564.4 
cell 9663.11 50 24896.9 9663.11 50 25131.6 10895.1 50 25131.6 
cell 7179.56 50 24720.9 7140.44 50 24760 9448 50 24838.2 
cell 7160 50 24623.1 7179.56 50 24720.9 9448 50 24838.2 
cell 9487.11 50 25346.7 9545.78 50 25346.7 9506.67 50 25307.6 
cell 10953.8 50 21122.7 10856 50 21024.9 8274.67 50 21024.9 
cell 10953.8 50 21122.7 8274.67 50 21024.9 6377.78 50 22628.4 
cell 10953.8 50 21122.7 6377.78 50 22628.4 7160 50 24623.1 
cell 10953.8 50 21122.7 7160 50 24623.1 9584.89 50 24838.2 
cell 11012.4 50 21122.7 10973.3 50 25131.6 11012.4 50 25151.1 
cell 8059.56 50 25072.9 9369.78 50 25072.9 9369.78 50 24896.9 
cell 6984 50 24838.2 7981.33 50 25072.9 8059.56 50 25072.9 
cell 6984 50 24838.2 8059.56 50 25072.9 9369.78 50 24896.9 
cell 6984 50 24838.2 9369.78 50 24896.9 9448 50 24838.2 
cell 9584.89 50 24838.2 9663.11 50 24896.9 10973.3 50 25131.6 
cell 9584.89 50 24838.2 10973.3 50 25131.6 11012.4 50 21122.7 
cell 9584.89 50 24838.2 11012.4 50 21122.7 10953.8 50 21122.7 
cell 7805.33 50 25190.2 7942.22 50 25131.6 7981.33 50 25072.9 
cell 7805.33 50 25190.2 7981.33 50 25072.9 6984 50 24838.2 
cell 9663.11 50 24896.9 10895.1 50 25131.6 10973.3 50 25131.6 
cell 9252.45 50 25151.1 9389.33 50 25151.1 9369.78 50 25072.9 
cell 9252.45 50 25151.1 9369.78 50 25072.9 8059.56 50 25072.9 
cell 9252.45 50 25151.1 8059.56 50 25072.9 8118.22 50 25131.6 
cell 8118.22 50 25229.3 7981.33 50 25288 7942.22 50 25346.7 
cell 8118.22 50 25229.3 7942.22 50 25346.7 9252.45 50 25346.7 
cell 8118.22 50 25229.3 9252.45 50 25346.7 9213.33 50 25307.6 
cell 8118.22 50 25131.6 8118.22 50 25229.3 9213.33 50 25190.2 
cell 8118.22 50 25131.6 9213.33 50 25190.2 9252.45 50 25151.1 
cell 8118.22 50 25229.3 9213.33 50 25307.6 9213.33 50 25190.2 
cell 9780.45 50 25346.7 11012.4 50 25346.7 10836.4 50 25288 
cell 9780.45 50 25346.7 10836.4 50 25288 9839.11 50 25288 
cell 10895.1 50 25131.6 9663.11 50 25131.6 9780.45 50 25151.1 
cell 10895.1 50 25131.6 9780.45 50 25151.1 10836.4 50 25190.2 
cell 9839.11 50 25209.8 9839.11 50 25288 10836.4 50 25288 
cell 9839.11 50 25209.8 10836.4 50 25288 10836.4 50 25190.2 
cell 9780.45 50 25151.1 9839.11 50 25209.8 10836.4 50 25190.2 
cell 11012.4 50 26031.1 11012.4 50 25346.7 9780.45 50 25346.7 
cell 11012.4 50 26031.1 9780.45 50 25346.7 9721.78 50 25346.7 
cell 7942.22 50 25346.7 6534.22 50 25972.4 6592.89 50 26031.1 
cell 7942.22 50 25346.7 6592.89 50 26031.1 11012.4 50 26031.1 
cell 7942.22 50 25346.7 11012.4 50 26031.1 9252.45 50 25346.7 
cell 11012.4 50 26031.1 9721.78 50 25346.7 9624 50 25346.7 
cell 11012.4 50 26031.1 9624 50 25346.7 9545.78 50 25346.7 
cell 11012.4 50 26031.1 9545.78 50 25346.7 9487.11 50 25346.7 
cell 11012.4 50 26031.1 9487.11 50 25346.7 9428.45 50 25346.7 
cell 11012.4 50 26031.1 9428.45 50 25346.7 9311.11 50 25346.7 
cell 11012.4 50 26031.1 9311.11 50 25346.7 9252.45 50 25346.7 
cell 14434.7 50 22550.2 14434.7 50 22491.6 14376 50 22491.6 
cell 13965.3 50 22217.8 13926.2 50 22159.1 13848 50 22159.1 
cell 13632.9 50 22080.9 13593.8 50 22022.2 13496 50 22022.2 
cell 13359.1 50 21944 13320 50 21885.3 13222.2 50 21885.3 
cell 13085.3 50 21807.1 13046.2 50 21748.4 12948.4 50 21748.4 
cell 13496 50 22022.2 13437.3 50 21944 13359.1 50 21944 
cell 13222.2 50 21885.3 13163.6 50 21807.1 13085.3 50 21807.1 
cell 12400.9 50 26031.1 14708.4 50 26031.1 14747.6 50 25913.8 
cell 12400.9 50 26031.1 14747.6 50 25913.8 12342.2 50 25913.8 
cell 15119.1 50 24642.7 15177.8 50 24603.6 15177.8 50 24427.6 
cell 13848 50 22159.1 13789.3 50 22080.9 13632.9 50 22080.9 
cell 14376 50 22491.6 14258.7 50 22354.7 14180.4 50 22354.7 
cell 14180.4 50 22354.7 14063.1 50 22217.8 13965.3 50 22217.8 
cell 11423.1 50 21259.6 11384 50 21200.9 11168.9 50 21200.9 
cell 15177.8 50 23704 15177.8 50 23469.3 15119.1 50 23430.2 
cell 15040.9 50 24916.4 15119.1 50 24877.3 15119.1 50 24642.7 
cell 12616 50 21474.7 12557.3 50 21396.4 12322.7 50 21396.4 
cell 13496 50 22022.2 13359.1 50 21944 13222.2 50 21885.3 
cell 13222.2 50 21885.3 13085.3 50 21807.1 12948.4 50 21748.4 
cell 13222.2 50 21885.3 12948.4 50 21748.4 11853.3 50 21337.8 
cell 13222.2 50 21885.3 11853.3 50 21337.8 11423.1 50 21259.6 
cell 14630.2 50 22804.4 14630.2 50 22726.2 14434.7 50 22550.2 
cell 14434.7 50 22550.2 14376 50 22491.6 14180.4 50 22354.7 
cell 15119.1 50 23430.2 15119.1 50 23352 14904 50 23156.4 
cell 13965.3 50 22217.8 13848 50 22159.1 13632.9 50 22080.9 
cell 13965.3 50 22217.8 13632.9 50 22080.9 14630.2 50 22804.4 
cell 13965.3 50 22217.8 14630.2 50 22804.4 14434.7 50 22550.2 
cell 13965.3 50 22217.8 14434.7 50 22550.2 14180.4 50 22354.7 
cell 12948.4 50 21748.4 12694.2 50 21474.7 12616 50 21474.7 
cell 11853.3 50 21337.8 11794.7 50 21259.6 11423.1 50 21259.6 
cell 14904 50 23156.4 14904 50 23058.7 14630.2 50 22804.4 
cell 12322.7 50 21396.4 12283.6 50 21337.8 11853.3 50 21337.8 
cell 15040.9 50 24916.4 15119.1 50 24642.7 15177.8 50 24427.6 
cell 15040.9 50 24916.4 15177.8 50 24427.6 15177.8 50 23704 
cell 15040.9 50 24916.4 15177.8 50 23704 14904 50 23156.4 
cell 15040.9 50 24916.4 14904 50 23156.4 14630.2 50 22804.4 
cell 11501.3 50 24955.6 11599.1 50 24955.6 13222.2 50 21885.3 
cell 15177.8 50 23704 15119.1 50 23430.2 14904 50 23156.4 
cell 15177.8 50 24427.6 15256 50 24388.4 15256 50 23762.7 
cell 15177.8 50 24427.6 15256 50 23762.7 15177.8 50 23704 
cell 12948.4 50 21748.4 12616 50 21474.7 12322.7 50 21396.4 
cell 12948.4 50 21748.4 12322.7 50 21396.4 11853.3 50 21337.8 
cell 14630.2 50 22804.4 13496 50 22022.2 13222.2 50 21885.3 
cell 14630.2 50 22804.4 13222.2 50 21885.3 11599.1 50 24955.6 
cell 14630.2 50 22804.4 11599.1 50 24955.6 15040.9 50 24955.6 
cell 14630.2 50 22804.4 15040.9 50 24955.6 15040.9 50 24916.4 
cell 13222.2 50 21885.3 11423.1 50 21259.6 11168.9 50 21200.9 
cell 13222.2 50 21885.3 11168.9 50 21200.9 11501.3 50 24955.6 
cell 14630.2 50 22804.4 13632.9 50 22080.9 13496 50 22022.2 
cell 11618.7 50 25229.3 11540.4 50 25131.6 11442.7 50 25092.4 
cell 11618.7 50 25229.3 11442.7 50 25092.4 11149.3 50 25229.3 
cell 11110.2 50 25170.7 11442.7 50 25014.2 11501.3 50 24955.6 
cell 11110.2 50 25170.7 11501.3 50 24955.6 11168.9 50 21200.9 
cell 11110.2 50 25170.7 11168.9 50 21200.9 11012.4 50 21122.7 
cell 11110.2 50 25170.7 11012.4 50 21122.7 11012.4 50 25151.1 
cell 12342.2 50 25913.8 14747.6 50 25913.8 14767.1 50 25737.8 
cell 11149.3 50 25229.3 11442.7 50 25092.4 11442.7 50 25014.2 
cell 11755.6 50 25170.7 11696.9 50 25229.3 14982.2 50 25229.3 
cell 11755.6 50 25092.4 11755.6 50 25170.7 14982.2 50 25229.3 
cell 15040.9 50 24955.6 11599.1 50 24955.6 11755.6 50 25092.4 
cell 15040.9 50 24955.6 11755.6 50 25092.4 14982.2 50 25229.3 
cell 14904 50 25327.1 14982.2 50 25288 14982.2 50 25229.3 
cell 14904 50 25327.1 14982.2 50 25229.3 11696.9 50 25229.3 
cell 11618.7 50 25229.3 11149.3 50 25229.3 11149.3 50 25327.1 
cell 11618.7 50 25229.3 11149.3 50 25327.1 11110.2 50 25366.2 
cell 11618.7 50 25229.3 11110.2 50 25366.2 14904 50 25366.2 
cell 11618.7 50 25229.3 14904 50 25366.2 14904 50 25327.1 
cell 11618.7 50 25229.3 14904 50 25327.1 11696.9 50 25229.3 
cell 14845.3 50 25542.2 14904 50 25503.1 14904 50 25366.2 
cell 14767.1 50 25737.8 14845.3 50 25698.7 14845.3 50 25542.2 
cell 14767.1 50 25737.8 14845.3 50 25542.2 14904 50 25366.2 
cell 14767.1 50 25737.8 14904 50 25366.2 11110.2 50 25366.2 
cell 14767.1 50 25737.8 11110.2 50 25366.2 12244.4 50 25913.8 
cell 14767.1 50 25737.8 12244.4 50 25913.8 12342.2 50 25913.8 
cell 11110.2 50 25170.7 11149.3 50 25229.3 11442.7 50 25014.2 
cell 11168.9 50 21200.9 11110.2 50 21122.7 11012.4 50 21122.7 
cell 11110.2 50 25366.2 11012.4 50 25346.7 11012.4 50 26031.1 
cell 11110.2 50 25366.2 11012.4 50 26031.1 12185.8 50 25972.4 
cell 11110.2 50 25366.2 12185.8 50 25972.4 12244.4 50 25913.8 
cell 11012.4 50 26031.1 12185.8 50 26031.1 12185.8 50 25972.4 
cell 5595.56 50 29961.8 5517.33 50 30000.9 5517.33 50 30079.1 
cell 5595.56 50 29961.8 5517.33 50 30079.1 5595.56 50 30137.8 
cell 5595.56 50 29961.8 5595.56 50 30137.8 6006.22 50 31037.3 
cell 5458.67 50 26559.1 5458.67 50 26715.6 5517.33 50 26754.7 
cell 5458.67 50 26559.1 5517.33 50 26754.7 6006.22 50 26031.1 
cell 5380.45 50 26344 5380.45 50 26500.4 5458.67 50 26559.1 
cell 5302.22 50 26070.2 5302.22 50 26285.3 5380.45 50 26344 
cell 5302.22 50 26070.2 5380.45 50 26344 5458.67 50 26559.1 
cell 5302.22 50 26070.2 5458.67 50 26559.1 6006.22 50 26031.1 
cell 6006.22 50 26031.1 5263.11 50 26031.1 5302.22 50 26070.2 
cell 6006.22 50 31037.3 6006.22 50 26031.1 5595.56 50 28006.2 
cell 6006.22 50 31037.3 5595.56 50 28006.2 5595.56 50 29961.8 
cell 5517.33 50 26754.7 5517.33 50 27947.6 5595.56 50 28006.2 
cell 5517.33 50 26754.7 5595.56 50 28006.2 6006.22 50 26031.1 
cell 5595.56 50 30137.8 5595.56 50 31037.3 6006.22 50 31037.3 
cell 10308.4 50 30059.6 10230.2 50 30157.3 11012.4 50 31037.3 
cell 11012.4 50 31037.3 9682.67 50 30685.3 9526.22 50 30685.3 
cell 11012.4 50 28984 10660.4 50 29375.1 10308.4 50 30059.6 
cell 11012.4 50 28984 10308.4 50 30059.6 11012.4 50 31037.3 
cell 6592.89 50 26031.1 6612.45 50 26070.2 7512 50 26070.2 
cell 6592.89 50 26031.1 7512 50 26070.2 7668.44 50 26070.2 
cell 11012.4 50 26031.1 10171.6 50 26285.3 10425.8 50 26422.2 
cell 7414.22 50 26168 7512 50 26070.2 6612.45 50 26070.2 
cell 7414.22 50 26246.2 7414.22 50 26168 6612.45 50 26070.2 
cell 7492.44 50 26324.4 7414.22 50 26246.2 6612.45 50 26070.2 
cell 7492.44 50 26324.4 6612.45 50 26070.2 6397.33 50 26324.4 
cell 11012.4 50 26031.1 9624 50 26168 10171.6 50 26285.3 
cell 7668.44 50 26070.2 7746.67 50 26168 9311.11 50 26168 
cell 6201.78 50 26265.8 6416.89 50 26031.1 6006.22 50 26031.1 
cell 7746.67 50 26226.7 7648.89 50 26324.4 8704.89 50 26324.4 
cell 7746.67 50 26168 7746.67 50 26226.7 8704.89 50 26324.4 
cell 7746.67 50 26168 8704.89 50 26324.4 9115.56 50 26187.6 
cell 9115.56 50 26187.6 9311.11 50 26168 7746.67 50 26168 
cell 11012.4 50 26031.1 6592.89 50 26031.1 7668.44 50 26070.2 
cell 9311.11 50 26168 9624 50 26168 11012.4 50 26031.1 
cell 9311.11 50 26168 11012.4 50 26031.1 7668.44 50 26070.2 
cell 10230.2 50 30157.3 9741.33 50 30626.7 9682.67 50 30685.3 
cell 10230.2 50 30157.3 9682.67 50 30685.3 11012.4 50 31037.3 
cell 10230.2 50 30157.3 9878.22 50 30372.4 9741.33 50 30626.7 
cell 8568 50 26402.7 8704.89 50 26324.4 7648.89 50 26324.4 
cell 8568 50 26402.7 7648.89 50 26324.4 7492.44 50 26324.4 
cell 6338.67 50 26402.7 8568 50 26402.7 7492.44 50 26324.4 
cell 6338.67 50 26402.7 7492.44 50 26324.4 6397.33 50 26324.4 
cell 11012.4 50 27419.6 11012.4 50 27341.3 10816.9 50 26989.3 
cell 10816.9 50 28984 11012.4 50 28632 11012.4 50 28553.8 
cell 10816.9 50 28984 11012.4 50 28553.8 10406.2 50 29375.1 
cell 8255.11 50 26832.9 8098.67 50 27028.4 7942.22 50 27321.8 
cell 8098.67 50 28944.9 8255.11 50 29140.4 8509.33 50 29355.6 
cell 8098.67 50 28944.9 8509.33 50 29355.6 8841.78 50 29531.6 
cell 8098.67 50 28944.9 8841.78 50 29531.6 7805.33 50 27967.1 
cell 8098.67 50 28944.9 7805.33 50 27967.1 7883.56 50 28475.6 
cell 8841.78 50 29531.6 9096 50 29609.8 9428.45 50 29648.9 
cell 8841.78 50 29531.6 9428.45 50 29648.9 9839.11 50 29609.8 
cell 8841.78 50 29531.6 9839.11 50 29609.8 10152 50 29512 
cell 8841.78 50 29531.6 10152 50 29512 10406.2 50 29375.1 
cell 10406.2 50 26598.2 10152 50 26461.3 9839.11 50 26363.6 
cell 10406.2 50 26598.2 9839.11 50 26363.6 9428.45 50 26324.4 
cell 10406.2 50 26598.2 9428.45 50 26324.4 9096 50 26363.6 
cell 11012.4 50 27419.6 10816.9 50 26989.3 10406.2 50 26598.2 
cell 11012.4 50 27419.6 10406.2 50 26598.2 11012.4 50 28553.8 
cell 7942.22 50 27321.8 7844.44 50 27634.7 7805.33 50 27967.1 
cell 7942.22 50 27321.8 7805.33 50 27967.1 9096 50 26363.6 
cell 7942.22 50 27321.8 9096 50 26363.6 8607.11 50 26559.1 
cell 7942.22 50 27321.8 8607.11 50 26559.1 8255.11 50 26832.9 
cell 8841.78 50 29531.6 10406.2 50 29375.1 11012.4 50 28553.8 
cell 8841.78 50 29531.6 11012.4 50 28553.8 10406.2 50 26598.2 
cell 8841.78 50 29531.6 10406.2 50 26598.2 9096 50 26363.6 
cell 8841.78 50 29531.6 9096 50 26363.6 7805.33 50 27967.1 
cell 9330.67 50 30176.9 9506.67 50 30157.3 8255.11 50 30020.4 
cell 9330.67 50 30176.9 8255.11 50 30020.4 7707.56 50 30176.9 
cell 10425.8 50 26422.2 10660.4 50 26598.2 11012.4 50 26031.1 
cell 7062.22 50 27224 7805.33 50 27224 7942.22 50 26969.8 
cell 10660.4 50 26598.2 11012.4 50 26989.3 11012.4 50 26031.1 
cell 6925.33 50 27224 7062.22 50 27224 7942.22 50 26969.8 
cell 6925.33 50 27224 7942.22 50 26969.8 8137.78 50 26735.1 
cell 6338.67 50 26402.7 6260.45 50 26402.7 6925.33 50 27224 
cell 7570.67 50 30176.9 7707.56 50 30176.9 8255.11 50 30020.4 
cell 7472.89 50 30431.1 7512 50 30392 7453.33 50 30352.9 
cell 7140.44 50 27400 7042.67 50 27497.8 7727.11 50 27497.8 
cell 7140.44 50 27321.8 7140.44 50 27400 7727.11 50 27497.8 
cell 7805.33 50 27224 7062.22 50 27224 7140.44 50 27321.8 
cell 7805.33 50 27224 7140.44 50 27321.8 7727.11 50 27497.8 
cell 8137.78 50 26735.1 8568 50 26402.7 6338.67 50 26402.7 
cell 8137.78 50 26735.1 6338.67 50 26402.7 6925.33 50 27224 
cell 7668.44 50 27712.9 7727.11 50 27497.8 7042.67 50 27497.8 
cell 7668.44 50 27712.9 7042.67 50 27497.8 6690.67 50 27712.9 
cell 6984 50 27497.8 6573.33 50 27712.9 6690.67 50 27712.9 
cell 6984 50 27497.8 6690.67 50 27712.9 7042.67 50 27497.8 
cell 6456 50 27869.3 6553.78 50 27888.9 6534.22 50 27752 
cell 6358.22 50 27869.3 6456 50 27869.3 6534.22 50 27752 
cell 6299.56 50 27869.3 6358.22 50 27869.3 6534.22 50 27752 
cell 6573.33 50 27712.9 6984 50 27497.8 6808 50 27400 
cell 6729.78 50 27752 6710.22 50 27908.4 6749.33 50 27928 
cell 6729.78 50 27752 6749.33 50 27928 7472.89 50 27986.7 
cell 7609.78 50 27986.7 7648.89 50 27986.7 7668.44 50 27712.9 
cell 7472.89 50 27986.7 7609.78 50 27986.7 7668.44 50 27712.9 
cell 7472.89 50 27986.7 7668.44 50 27712.9 6690.67 50 27712.9 
cell 7472.89 50 27986.7 6690.67 50 27712.9 6729.78 50 27752 
cell 6749.33 50 27928 6749.33 50 27986.7 7472.89 50 27986.7 
cell 6221.33 50 27947.6 6299.56 50 27869.3 6827.56 50 27302.2 
cell 9878.22 50 30372.4 9800 50 30372.4 9741.33 50 30626.7 
cell 9800 50 30372.4 9741.33 50 30372.4 9741.33 50 30626.7 
cell 6749.33 50 27986.7 6710.22 50 28006.2 6710.22 50 28201.8 
cell 6749.33 50 27986.7 6710.22 50 28201.8 6749.33 50 28240.9 
cell 6749.33 50 27986.7 6749.33 50 28240.9 7355.56 50 28162.7 
cell 6749.33 50 27986.7 7355.56 50 28162.7 7355.56 50 28104 
cell 7355.56 50 28104 7375.11 50 28045.3 6749.33 50 27986.7 
cell 6749.33 50 28240.9 7453.33 50 28240.9 7355.56 50 28162.7 
cell 7375.11 50 28045.3 7472.89 50 27986.7 6749.33 50 27986.7 
cell 7648.89 50 27986.7 7609.78 50 27986.7 7629.33 50 28025.8 
cell 6534.22 50 28280 6553.78 50 28162.7 6436.45 50 28162.7 
cell 6534.22 50 28280 6436.45 50 28162.7 6377.78 50 28162.7 
cell 6534.22 50 28280 6377.78 50 28162.7 6280 50 28162.7 
cell 6827.56 50 27302.2 6925.33 50 27224 6260.45 50 26402.7 
cell 7590.22 50 28240.9 7668.44 50 28240.9 7648.89 50 28182.2 
cell 7688 50 28338.7 7668.44 50 28240.9 7590.22 50 28240.9 
cell 7688 50 28338.7 7590.22 50 28240.9 7453.33 50 28240.9 
cell 6671.11 50 28338.7 7688 50 28338.7 7453.33 50 28240.9 
cell 6671.11 50 28338.7 7453.33 50 28240.9 6749.33 50 28240.9 
cell 6827.56 50 27302.2 6260.45 50 26402.7 6201.78 50 26344 
cell 6827.56 50 27302.2 6201.78 50 26344 6221.33 50 27947.6 
cell 6475.56 50 29277.3 8176.89 50 29277.3 7942.22 50 29003.6 
cell 6612.45 50 28338.7 6397.33 50 29277.3 6475.56 50 29277.3 
cell 6612.45 50 28338.7 6475.56 50 29277.3 7942.22 50 29003.6 
cell 6612.45 50 28338.7 7942.22 50 29003.6 7805.33 50 28749.3 
cell 6612.45 50 28338.7 7805.33 50 28749.3 6671.11 50 28338.7 
cell 7805.33 50 28749.3 7688 50 28338.7 6671.11 50 28338.7 
cell 7472.89 50 30528.9 7472.89 50 30431.1 7453.33 50 30352.9 
cell 7472.89 50 30528.9 7453.33 50 30352.9 6632 50 29961.8 
cell 7472.89 50 30528.9 6632 50 29961.8 6573.33 50 29961.8 
cell 7453.33 50 30352.9 7453.33 50 30294.2 6632 50 29961.8 
cell 6612.45 50 28338.7 6534.22 50 28280 6280 50 28162.7 
cell 6612.45 50 28338.7 6280 50 28162.7 6397.33 50 29277.3 
cell 10425.8 50 29551.1 10171.6 50 29688 10191.1 50 29883.6 
cell 10171.6 50 29688 9624 50 29805.3 10191.1 50 29883.6 
cell 6201.78 50 26344 6201.78 50 26265.8 6006.22 50 26031.1 
cell 6299.56 50 27869.3 6534.22 50 27752 6573.33 50 27712.9 
cell 6299.56 50 27869.3 6573.33 50 27712.9 6808 50 27400 
cell 6299.56 50 27869.3 6808 50 27400 6827.56 50 27302.2 
cell 8176.89 50 29277.3 6475.56 50 29277.3 6553.78 50 29296.9 
cell 8176.89 50 29277.3 6553.78 50 29296.9 6612.45 50 29375.1 
cell 8176.89 50 29277.3 6612.45 50 29375.1 6612.45 50 29453.3 
cell 6534.22 50 29551.1 8528.89 50 29551.1 8176.89 50 29277.3 
cell 6534.22 50 29551.1 8176.89 50 29277.3 6612.45 50 29453.3 
cell 9291.56 50 30294.2 7785.78 50 30274.7 7785.78 50 30352.9 
cell 6553.78 50 29648.9 8704.89 50 29648.9 8528.89 50 29551.1 
cell 6553.78 50 29648.9 8528.89 50 29551.1 6534.22 50 29551.1 
cell 6534.22 50 29551.1 6456 50 29551.1 6495.11 50 29648.9 
cell 6534.22 50 29551.1 6495.11 50 29648.9 6553.78 50 29648.9 
cell 6299.56 50 29355.6 6397.33 50 29277.3 6280 50 28162.7 
cell 9291.56 50 30294.2 7785.78 50 30489.8 7785.78 50 30568 
cell 9330.67 50 30176.9 7707.56 50 30176.9 7785.78 50 30274.7 
cell 9330.67 50 30176.9 7785.78 50 30274.7 9291.56 50 30294.2 
cell 8352.89 50 29746.7 8978.67 50 29746.7 8704.89 50 29648.9 
cell 8294.22 50 29746.7 8352.89 50 29746.7 8704.89 50 29648.9 
cell 8294.22 50 29746.7 8704.89 50 29648.9 6553.78 50 29648.9 
cell 8294.22 50 29746.7 6553.78 50 29648.9 6612.45 50 29746.7 
cell 6710.22 50 29903.1 6632 50 29961.8 8196.45 50 29961.8 
cell 6710.22 50 29903.1 8196.45 50 29961.8 8176.89 50 29844.4 
cell 8176.89 50 29844.4 8294.22 50 29746.7 6612.45 50 29746.7 
cell 8176.89 50 29844.4 6612.45 50 29746.7 6710.22 50 29824.9 
cell 6710.22 50 29824.9 6710.22 50 29903.1 8176.89 50 29844.4 
cell 8470.22 50 29805.3 9311.11 50 29805.3 8978.67 50 29746.7 
cell 8470.22 50 29805.3 8978.67 50 29746.7 8352.89 50 29746.7 
cell 9643.56 50 30176.9 9584.89 50 30176.9 9604.45 50 30216 
cell 9311.11 50 29805.3 8470.22 50 29805.3 8489.78 50 29883.6 
cell 9311.11 50 29805.3 8489.78 50 29883.6 10112.9 50 29883.6 
cell 10112.9 50 29883.6 10191.1 50 29883.6 9624 50 29805.3 
cell 10112.9 50 29883.6 9624 50 29805.3 9311.11 50 29805.3 
cell 9995.56 50 29981.3 10112.9 50 29883.6 8489.78 50 29883.6 
cell 9995.56 50 30020.4 9995.56 50 29981.3 8489.78 50 29883.6 
cell 9995.56 50 30020.4 8489.78 50 29883.6 8411.56 50 30020.4 
cell 7453.33 50 30294.2 7570.67 50 30176.9 6632 50 29961.8 
cell 10425.8 50 29551.1 10308.4 50 29981.3 10308.4 50 30059.6 
cell 10425.8 50 29551.1 10308.4 50 30059.6 10660.4 50 29375.1 
cell 9487.11 50 30646.2 9350.22 50 30352.9 9291.56 50 30294.2 
cell 9487.11 50 30646.2 9291.56 50 30294.2 7785.78 50 30568 
cell 9487.11 50 30646.2 7785.78 50 30568 7707.56 50 30646.2 
cell 6416.89 50 29746.7 6495.11 50 29648.9 6456 50 29551.1 
cell 6416.89 50 29746.7 6456 50 29551.1 6299.56 50 29472.9 
cell 9487.11 50 30646.2 9467.56 50 30352.9 9350.22 50 30352.9 
cell 7785.78 50 30352.9 7688 50 30431.1 7785.78 50 30489.8 
cell 7785.78 50 30352.9 7785.78 50 30489.8 9291.56 50 30294.2 
cell 9878.22 50 30157.3 10152 50 30157.3 10073.8 50 30137.8 
cell 9878.22 50 30157.3 10073.8 50 30137.8 9995.56 50 30020.4 
cell 9878.22 50 30157.3 9995.56 50 30020.4 9819.56 50 30157.3 
cell 9506.67 50 30157.3 8411.56 50 30020.4 8255.11 50 30020.4 
cell 9565.33 50 30157.3 9819.56 50 30157.3 9995.56 50 30020.4 
cell 9506.67 50 30157.3 9565.33 50 30157.3 9995.56 50 30020.4 
cell 9506.67 50 30157.3 9995.56 50 30020.4 8411.56 50 30020.4 
cell 7570.67 50 30176.9 8255.11 50 30020.4 6632 50 29961.8 
cell 9428.45 50 30176.9 9487.11 50 30176.9 9506.67 50 30157.3 
cell 9330.67 50 30176.9 9428.45 50 30176.9 9506.67 50 30157.3 
cell 6221.33 50 28084.4 6221.33 50 27947.6 6201.78 50 26344 
cell 6221.33 50 28084.4 6201.78 50 26344 6006.22 50 26031.1 
cell 8255.11 50 30020.4 8196.45 50 29961.8 6632 50 29961.8 
cell 6299.56 50 29355.6 6280 50 28162.7 6221.33 50 28084.4 
cell 9565.33 50 30157.3 9584.89 50 30176.9 9643.56 50 30176.9 
cell 9721.78 50 30176.9 9780.45 50 30176.9 9819.56 50 30157.3 
cell 9721.78 50 30176.9 9819.56 50 30157.3 9565.33 50 30157.3 
cell 9721.78 50 30176.9 9565.33 50 30157.3 9643.56 50 30176.9 
cell 10152 50 30157.3 9878.22 50 30157.3 9917.33 50 30196.4 
cell 10152 50 30157.3 9917.33 50 30196.4 9917.33 50 30333.3 
cell 10152 50 30157.3 9917.33 50 30333.3 9878.22 50 30372.4 
cell 10152 50 30157.3 9878.22 50 30372.4 10230.2 50 30157.3 
cell 10425.8 50 29551.1 10191.1 50 29883.6 10308.4 50 29981.3 
cell 6416.89 50 29805.3 6416.89 50 29746.7 6299.56 50 29472.9 
cell 6416.89 50 29805.3 6299.56 50 29472.9 6006.22 50 31037.3 
cell 7648.89 50 30646.2 7472.89 50 30528.9 6573.33 50 29961.8 
cell 7648.89 50 30646.2 6573.33 50 29961.8 6006.22 50 31037.3 
cell 6299.56 50 29472.9 6299.56 50 29355.6 6221.33 50 28084.4 
cell 6299.56 50 29472.9 6221.33 50 28084.4 6006.22 50 26031.1 
cell 6299.56 50 29472.9 6006.22 50 26031.1 6006.22 50 31037.3 
cell 9526.22 50 30685.3 9487.11 50 30646.2 7707.56 50 30646.2 
cell 9526.22 50 30685.3 7707.56 50 30646.2 7648.89 50 30646.2 
cell 9526.22 50 30685.3 7648.89 50 30646.2 6006.22 50 31037.3 
cell 9526.22 50 30685.3 6006.22 50 31037.3 11012.4 50 31037.3 
cell 6573.33 50 29961.8 6416.89 50 29805.3 6006.22 50 31037.3 
cell 12244.4 50 26207.1 12224.9 50 26050.7 12185.8 50 26031.1 
cell 12244.4 50 26207.1 12185.8 50 26031.1 11012.4 50 26031.1 
cell 13730.7 50 31037.3 13730.7 50 30744 11794.7 50 30744 
cell 13730.7 50 31037.3 11794.7 50 30744 11012.4 50 31037.3 
cell 11794.7 50 30744 11736 50 30744 11012.4 50 31037.3 
cell 14571.6 50 26226.7 14630.2 50 26187.6 14630.2 50 26089.8 
cell 14493.3 50 26363.6 14571.6 50 26324.4 14571.6 50 26226.7 
cell 12537.8 50 26168 12537.8 50 26246.2 12596.4 50 26324.4 
cell 12537.8 50 26168 12596.4 50 26324.4 14493.3 50 26363.6 
cell 12537.8 50 26168 14493.3 50 26363.6 14571.6 50 26226.7 
cell 12537.8 50 26168 14571.6 50 26226.7 14630.2 50 26089.8 
cell 12400.9 50 26031.1 12440 50 26128.9 12537.8 50 26168 
cell 12400.9 50 26031.1 12537.8 50 26168 14630.2 50 26089.8 
cell 12400.9 50 26031.1 14630.2 50 26089.8 14708.4 50 26031.1 
cell 12596.4 50 26324.4 12596.4 50 26383.1 14473.8 50 26461.3 
cell 12596.4 50 26324.4 14473.8 50 26461.3 14493.3 50 26363.6 
cell 12596.4 50 26383.1 12518.2 50 26461.3 14473.8 50 26461.3 
cell 11560 50 30020.4 11716.4 50 29609.8 11716.4 50 29531.6 
cell 11560 50 30020.4 11716.4 50 29531.6 11442.7 50 30118.2 
cell 14434.7 50 26539.6 14473.8 50 26461.3 12518.2 50 26461.3 
cell 14434.7 50 26539.6 12518.2 50 26461.3 11892.4 50 26539.6 
cell 12440 50 26461.3 11814.2 50 26539.6 11892.4 50 26539.6 
cell 12440 50 26461.3 11892.4 50 26539.6 12518.2 50 26461.3 
cell 12400.9 50 26422.2 12400.9 50 26324.4 12244.4 50 26207.1 
cell 12400.9 50 26422.2 12244.4 50 26207.1 11814.2 50 26539.6 
cell 11814.2 50 26539.6 12440 50 26461.3 12400.9 50 26422.2 
cell 11794.7 50 30744 13730.7 50 30744 11951.1 50 30587.6 
cell 14160.9 50 26813.3 14297.8 50 26735.1 14297.8 50 26696 
cell 14297.8 50 26696 14434.7 50 26598.2 14434.7 50 26539.6 
cell 14160.9 50 26813.3 14297.8 50 26696 14434.7 50 26539.6 
cell 14160.9 50 26813.3 14434.7 50 26539.6 11892.4 50 26539.6 
cell 14160.9 50 26813.3 11892.4 50 26539.6 11970.7 50 26559.1 
cell 12029.3 50 26715.6 11951.1 50 26813.3 14160.9 50 26813.3 
cell 12029.3 50 26637.3 12029.3 50 26715.6 14160.9 50 26813.3 
cell 11970.7 50 26559.1 12029.3 50 26637.3 14160.9 50 26813.3 
cell 13945.8 50 27243.6 14004.4 50 27204.4 14004.4 50 27106.7 
cell 14004.4 50 27106.7 14082.7 50 27067.6 14082.7 50 26969.8 
cell 14082.7 50 26969.8 14141.3 50 26930.7 14160.9 50 26813.3 
cell 14004.4 50 27106.7 14082.7 50 26969.8 14160.9 50 26813.3 
cell 14004.4 50 27106.7 14160.9 50 26813.3 11951.1 50 26813.3 
cell 13730.7 50 30431.1 11951.1 50 30509.3 11951.1 50 30587.6 
cell 13730.7 50 30431.1 11951.1 50 30587.6 13730.7 50 30744 
cell 11931.6 50 27321.8 13945.8 50 27243.6 14004.4 50 27106.7 
cell 11931.6 50 27321.8 14004.4 50 27106.7 11951.1 50 26813.3 
cell 11931.6 50 27321.8 11951.1 50 26813.3 11872.9 50 26813.3 
cell 11931.6 50 27321.8 11872.9 50 26813.3 11853.3 50 27321.8 
cell 11931.6 50 27321.8 13945.8 50 27321.8 13945.8 50 27243.6 
cell 11266.7 50 27595.6 11833.8 50 27595.6 11736 50 27517.3 
cell 11266.7 50 27595.6 11736 50 27517.3 11736 50 27439.1 
cell 11736 50 27439.1 11853.3 50 27321.8 11168.9 50 27321.8 
cell 11736 50 27439.1 11168.9 50 27321.8 11266.7 50 27595.6 
cell 13867.6 50 27458.7 13945.8 50 27419.6 13945.8 50 27321.8 
cell 13867.6 50 27458.7 13945.8 50 27321.8 11931.6 50 27321.8 
cell 13867.6 50 27458.7 11931.6 50 27321.8 12068.4 50 27439.1 
cell 12068.4 50 27497.8 11970.7 50 27595.6 13867.6 50 27595.6 
cell 12068.4 50 27497.8 13867.6 50 27595.6 13867.6 50 27458.7 
cell 12068.4 50 27439.1 12068.4 50 27497.8 13867.6 50 27458.7 
cell 11129.8 50 27888.9 11071.1 50 27536.9 11012.4 50 27419.6 
cell 11129.8 50 27888.9 11012.4 50 27419.6 11012.4 50 28553.8 
cell 11129.8 50 27888.9 11012.4 50 28553.8 11110.2 50 28280 
cell 11833.8 50 27595.6 11266.7 50 27595.6 11266.7 50 27634.7 
cell 11833.8 50 27595.6 11266.7 50 27634.7 12264 50 27634.7 
cell 12361.8 50 27634.7 13867.6 50 27634.7 13867.6 50 27595.6 
cell 12361.8 50 27634.7 13867.6 50 27595.6 11970.7 50 27595.6 
cell 11970.7 50 27595.6 11833.8 50 27595.6 12264 50 27634.7 
cell 11970.7 50 27595.6 12264 50 27634.7 12361.8 50 27634.7 
cell 12244.4 50 27986.7 12283.6 50 27967.1 12244.4 50 27928 
cell 12244.4 50 27928 12264 50 27752 12224.9 50 27732.4 
cell 12244.4 50 27986.7 12244.4 50 27928 12224.9 50 27732.4 
cell 12244.4 50 28221.3 12244.4 50 27986.7 12224.9 50 27732.4 
cell 12244.4 50 28221.3 12224.9 50 27732.4 11266.7 50 27634.7 
cell 12244.4 50 28221.3 11266.7 50 27634.7 11266.7 50 28260.4 
cell 12224.9 50 27732.4 12264 50 27634.7 11266.7 50 27634.7 
cell 11266.7 50 28260.4 12283.6 50 28260.4 12244.4 50 28221.3 
cell 12420.4 50 27693.3 12420.4 50 27810.7 12537.8 50 27810.7 
cell 12420.4 50 27693.3 12537.8 50 27810.7 12596.4 50 27810.7 
cell 12361.8 50 27634.7 12420.4 50 27693.3 12596.4 50 27810.7 
cell 12361.8 50 27634.7 12596.4 50 27810.7 12694.2 50 27810.7 
cell 12694.2 50 27810.7 13808.9 50 27810.7 13867.6 50 27634.7 
cell 12694.2 50 27810.7 13867.6 50 27634.7 12361.8 50 27634.7 
cell 13730.7 50 28006.2 13808.9 50 27967.1 13808.9 50 27810.7 
cell 13730.7 50 28006.2 13808.9 50 27810.7 12694.2 50 27810.7 
cell 13730.7 50 28006.2 12694.2 50 27810.7 12752.9 50 27869.3 
cell 12694.2 50 28084.4 12420.4 50 28084.4 12420.4 50 28221.3 
cell 12694.2 50 28084.4 12420.4 50 28221.3 12381.3 50 28260.4 
cell 12694.2 50 28084.4 12381.3 50 28260.4 13730.7 50 28260.4 
cell 12752.9 50 27869.3 12752.9 50 28025.8 13730.7 50 28006.2 
cell 12752.9 50 28025.8 12694.2 50 28084.4 13730.7 50 28260.4 
cell 12752.9 50 28025.8 13730.7 50 28260.4 13730.7 50 28006.2 
cell 13672 50 28358.2 13730.7 50 28319.1 13730.7 50 28260.4 
cell 13672 50 28358.2 13730.7 50 28260.4 12381.3 50 28260.4 
cell 13593.8 50 28905.8 13672 50 28866.7 13672 50 28358.2 
cell 13593.8 50 28905.8 13672 50 28358.2 12381.3 50 28260.4 
cell 11168.9 50 28671.1 11012.4 50 28964.4 11970.7 50 28964.4 
cell 11168.9 50 28671.1 11970.7 50 28964.4 12029.3 50 28964.4 
cell 11168.9 50 28671.1 12029.3 50 28964.4 11266.7 50 28377.8 
cell 12029.3 50 28964.4 13593.8 50 28964.4 13593.8 50 28905.8 
cell 12029.3 50 28964.4 13593.8 50 28905.8 12381.3 50 28260.4 
cell 12029.3 50 28964.4 12381.3 50 28260.4 12283.6 50 28260.4 
cell 12283.6 50 28260.4 11266.7 50 28260.4 11266.7 50 28377.8 
cell 12283.6 50 28260.4 11266.7 50 28377.8 12029.3 50 28964.4 
cell 11012.4 50 26989.3 11716.4 50 26735.1 11716.4 50 26617.8 
cell 11853.3 50 29062.2 11970.7 50 28964.4 11012.4 50 28964.4 
cell 11853.3 50 29062.2 11012.4 50 28964.4 11012.4 50 28984 
cell 11814.2 50 26539.6 12244.4 50 26207.1 11012.4 50 26031.1 
cell 12166.2 50 29160 12088 50 29238.2 13593.8 50 29238.2 
cell 12166.2 50 29062.2 12166.2 50 29160 13593.8 50 29238.2 
cell 12166.2 50 29062.2 13593.8 50 29238.2 13593.8 50 28964.4 
cell 13593.8 50 28964.4 12107.6 50 28984 12166.2 50 29062.2 
cell 13593.8 50 28964.4 12029.3 50 28964.4 12107.6 50 28984 
cell 11012.4 50 26031.1 11012.4 50 26989.3 11716.4 50 26617.8 
cell 11012.4 50 26031.1 11716.4 50 26617.8 11814.2 50 26539.6 
cell 13593.8 50 29375.1 13593.8 50 29238.2 12088 50 29238.2 
cell 13593.8 50 29375.1 12088 50 29238.2 11951.1 50 29375.1 
cell 11931.6 50 29238.2 11872.9 50 29375.1 11951.1 50 29375.1 
cell 11931.6 50 29238.2 11951.1 50 29375.1 12088 50 29238.2 
cell 11853.3 50 29160 11853.3 50 29062.2 11012.4 50 28984 
cell 11872.9 50 29375.1 11931.6 50 29238.2 11853.3 50 29160 
cell 11853.3 50 27321.8 11872.9 50 26813.3 11716.4 50 26735.1 
cell 11853.3 50 27321.8 11716.4 50 26735.1 11012.4 50 26989.3 
cell 11853.3 50 27321.8 11012.4 50 26989.3 11168.9 50 27321.8 
cell 13593.8 50 29375.1 11951.1 50 29375.1 12029.3 50 29453.3 
cell 13593.8 50 29375.1 12029.3 50 29453.3 12029.3 50 29512 
cell 13593.8 50 29668.4 13593.8 50 29375.1 12029.3 50 29512 
cell 13593.8 50 29668.4 12029.3 50 29512 11872.9 50 29668.4 
cell 13672 50 30020.4 13672 50 29883.6 13593.8 50 29824.9 
cell 13672 50 30020.4 13593.8 50 29824.9 11872.9 50 29668.4 
cell 13672 50 30020.4 11872.9 50 29668.4 11775.1 50 29668.4 
cell 13672 50 30020.4 11775.1 50 29668.4 11618.7 50 30020.4 
cell 13730.7 50 30431.1 11872.9 50 30431.1 11951.1 50 30509.3 
cell 13593.8 50 29824.9 13593.8 50 29668.4 11872.9 50 29668.4 
cell 11775.1 50 29668.4 11560 50 30020.4 11618.7 50 30020.4 
cell 11716.4 50 29531.6 11872.9 50 29375.1 11853.3 50 29160 
cell 11716.4 50 29531.6 11853.3 50 29160 11012.4 50 28984 
cell 11560 50 30020.4 11775.1 50 29668.4 11716.4 50 29609.8 
cell 11716.4 50 29531.6 11814.2 50 29492.4 11872.9 50 29375.1 
cell 11755.6 50 30216 11677.3 50 30294.2 13672 50 30294.2 
cell 11755.6 50 30118.2 11755.6 50 30216 13672 50 30294.2 
cell 11755.6 50 30118.2 13672 50 30294.2 13672 50 30020.4 
cell 13672 50 30020.4 11696.9 50 30040 11755.6 50 30118.2 
cell 13672 50 30020.4 11618.7 50 30020.4 11696.9 50 30040 
cell 11657.8 50 30607.1 11775.1 50 30528.9 11814.2 50 30431.1 
cell 11657.8 50 30607.1 11814.2 50 30431.1 11540.4 50 30294.2 
cell 11872.9 50 30431.1 13672 50 30372.4 13672 50 30294.2 
cell 11872.9 50 30431.1 13672 50 30294.2 11677.3 50 30294.2 
cell 11872.9 50 30431.1 11677.3 50 30294.2 11814.2 50 30431.1 
cell 11677.3 50 30294.2 11540.4 50 30294.2 11814.2 50 30431.1 
cell 11872.9 50 30431.1 13730.7 50 30431.1 13672 50 30372.4 
cell 11657.8 50 30685.3 11657.8 50 30607.1 11540.4 50 30294.2 
cell 11657.8 50 30685.3 11540.4 50 30294.2 11442.7 50 30216 
cell 11657.8 50 30685.3 11442.7 50 30216 11012.4 50 31037.3 
cell 11012.4 50 31037.3 11442.7 50 30216 11442.7 50 30118.2 
cell 11012.4 50 31037.3 11736 50 30744 11657.8 50 30685.3 
cell 11442.7 50 30118.2 11716.4 50 29531.6 11012.4 50 28984 
cell 11442.7 50 30118.2 11012.4 50 28984 11012.4 50 31037.3 
cell 5654.22 50 31096 5654.22 50 31174.2 5791.11 50 31291.6 
cell 5654.22 50 31096 5791.11 50 31291.6 6006.22 50 31037.3 
cell 5791.11 50 31291.6 5791.11 50 31448 6006.22 50 31545.8 
cell 5791.11 50 31291.6 6006.22 50 31545.8 6006.22 50 31037.3 
cell 6006.22 50 31037.3 5595.56 50 31037.3 5654.22 50 31096 
cell 8352.89 50 31741.3 8450.67 50 31741.3 8489.78 50 31682.7 
cell 6104 50 31545.8 6143.11 50 31604.4 6299.56 50 31604.4 
cell 6104 50 31545.8 6299.56 50 31604.4 6006.22 50 31037.3 
cell 6514.67 50 31682.7 6553.78 50 31741.3 6710.22 50 31741.3 
cell 7942.22 50 31897.8 8098.67 50 31897.8 8137.78 50 31819.6 
cell 8489.78 50 31682.7 8646.22 50 31682.7 8685.33 50 31604.4 
cell 8900.45 50 31545.8 9056.89 50 31545.8 9096 50 31467.6 
cell 8685.33 50 31604.4 8861.33 50 31604.4 8900.45 50 31545.8 
cell 9096 50 31467.6 9272 50 31467.6 9311.11 50 31408.9 
cell 6299.56 50 31604.4 6358.22 50 31682.7 6514.67 50 31682.7 
cell 6710.22 50 31741.3 6768.89 50 31819.6 6925.33 50 31819.6 
cell 8137.78 50 31819.6 8313.78 50 31819.6 8352.89 50 31741.3 
cell 6925.33 50 31819.6 6984 50 31897.8 7218.67 50 31897.8 
cell 8137.78 50 31819.6 8352.89 50 31741.3 8489.78 50 31682.7 
cell 6299.56 50 31604.4 6514.67 50 31682.7 6710.22 50 31741.3 
cell 8685.33 50 31604.4 8900.45 50 31545.8 9096 50 31467.6 
cell 8685.33 50 31604.4 9096 50 31467.6 7218.67 50 31897.8 
cell 6006.22 50 31037.3 6006.22 50 31545.8 6104 50 31545.8 
cell 6710.22 50 31741.3 6925.33 50 31819.6 7218.67 50 31897.8 
cell 8137.78 50 31819.6 8489.78 50 31682.7 8685.33 50 31604.4 
cell 8137.78 50 31819.6 8685.33 50 31604.4 7218.67 50 31897.8 
cell 6299.56 50 31604.4 6710.22 50 31741.3 7218.67 50 31897.8 
cell 6299.56 50 31604.4 7218.67 50 31897.8 9096 50 31467.6 
cell 6299.56 50 31604.4 9096 50 31467.6 9311.11 50 31408.9 
cell 6299.56 50 31604.4 9311.11 50 31408.9 6006.22 50 31037.3 
cell 7218.67 50 31897.8 7257.78 50 31956.4 7903.11 50 31956.4 
cell 7218.67 50 31897.8 7903.11 50 31956.4 7942.22 50 31897.8 
cell 9311.11 50 31408.9 11012.4 50 31408.9 11012.4 50 31037.3 
cell 9311.11 50 31408.9 11012.4 50 31037.3 6006.22 50 31037.3 
cell 7218.67 50 31897.8 7942.22 50 31897.8 8137.78 50 31819.6 
cell 12752.9 50 31330.7 12850.7 50 31330.7 12889.8 50 31272 
cell 12752.9 50 31330.7 12889.8 50 31272 11012.4 50 31037.3 
cell 13085.3 50 31193.8 13183.1 50 31193.8 13222.2 50 31135.1 
cell 12889.8 50 31272 13046.2 50 31272 13085.3 50 31193.8 
cell 13222.2 50 31135.1 13398.2 50 31135.1 13437.3 50 31056.9 
cell 13222.2 50 31135.1 13437.3 50 31056.9 11012.4 50 31037.3 
cell 12889.8 50 31272 13085.3 50 31193.8 13222.2 50 31135.1 
cell 12889.8 50 31272 13222.2 50 31135.1 11012.4 50 31037.3 
cell 11012.4 50 31037.3 11012.4 50 31408.9 12713.8 50 31408.9 
cell 11012.4 50 31037.3 12713.8 50 31408.9 12752.9 50 31330.7 
cell 13437.3 50 31056.9 13730.7 50 31037.3 11012.4 50 31037.3 
